[gd_scene load_steps=81 format=3 uid="uid://bpj3yn7lmrvae"]

[ext_resource type="Environment" uid="uid://bqnqgflivjvue" path="res://scenes/main-environment.tres" id="1_obxi2"]
[ext_resource type="PackedScene" uid="uid://dl2ed4gkybggf" path="res://objects/player.tscn" id="2_oiy0w"]
[ext_resource type="ArrayMesh" uid="uid://deu06eho4c74" path="res://vfx_meshes/dust.res" id="3_vprgb"]
[ext_resource type="AudioStream" uid="uid://2ih52hb44vxi" path="res://sounds/sport_swimming_girl_5_years_old.mp3" id="3_x5ntb"]
[ext_resource type="Script" path="res://scripts/view.gd" id="4_k2630"]
[ext_resource type="PackedScene" uid="uid://b87snreold7v2" path="res://models/props/ladder-long.glb" id="7_tt7d5"]
[ext_resource type="PackedScene" uid="uid://chqgqgdxmnujr" path="res://objects/vehicle.tscn" id="10_f8d0h"]
[ext_resource type="PackedScene" uid="uid://rjh4ifidqrfp" path="res://objects/platform_medium.tscn" id="10_gv1mx"]
[ext_resource type="PackedScene" uid="uid://bobeiftpdfg2x" path="res://models/prototyping/models/wall-diagonal.glb" id="11_jvyke"]
[ext_resource type="PackedScene" uid="uid://dcdg712lcyl0r" path="res://objects/wheelchair_2.tscn" id="12_exapx"]
[ext_resource type="PackedScene" uid="uid://dbr3dh46cbskt" path="res://objects/wall.tscn" id="13_2k2jo"]
[ext_resource type="PackedScene" uid="uid://b8cnpjl0np7tt" path="res://objects/poles_2.tscn" id="13_bnxsl"]
[ext_resource type="PackedScene" uid="uid://cgdv7gqrlsw45" path="res://objects/shape_cube_half_2.tscn" id="14_g3su7"]
[ext_resource type="PackedScene" uid="uid://0v6t454aaexr" path="res://objects/door.tscn" id="14_majc8"]
[ext_resource type="PackedScene" uid="uid://crv1t7lrqdkx0" path="res://objects/fence_broken_2.tscn" id="15_x385b"]
[ext_resource type="PackedScene" uid="uid://ctm7k8us6em8" path="res://models/prototyping/models/wall-doorway-round.glb" id="16_bqltv"]
[ext_resource type="PackedScene" uid="uid://cb0jdactv4w6p" path="res://objects/key_2.tscn" id="16_pinw5"]
[ext_resource type="PackedScene" uid="uid://c0n2315wnksre" path="res://models/prototyping/models/shape-cube-half.glb" id="17_gelb3"]
[ext_resource type="PackedScene" uid="uid://cjohjf4elt53r" path="res://models/prototyping/models/crate.glb" id="21_kxs2d"]
[ext_resource type="PackedScene" uid="uid://bquu1w6urf658" path="res://objects/platform_0.tscn" id="29_s3qsc"]
[ext_resource type="PackedScene" uid="uid://26nobbqnacfu" path="res://objects/platform_1.tscn" id="30_wqnlx"]
[ext_resource type="PackedScene" uid="uid://dfpisimsgf5ce" path="res://objects/coin.tscn" id="31_bbfjm"]
[ext_resource type="PackedScene" uid="uid://c1hlbidp8utn1" path="res://objects/trampoline.tscn" id="31_h77ag"]
[ext_resource type="PackedScene" uid="uid://bjf7nnqb2vgjd" path="res://models/props/flowers-tall.glb" id="32_lb053"]
[ext_resource type="PackedScene" uid="uid://d01wbr0fv34ia" path="res://objects/moving_transportation.tscn" id="32_n1hvm"]
[ext_resource type="PackedScene" uid="uid://bs65o07otxbmm" path="res://objects/moving_object_path_3d.tscn" id="33_07e36"]
[ext_resource type="PackedScene" uid="uid://cyvet7kb6y80r" path="res://objects/checkpoint.tscn" id="34_b2vtl"]
[ext_resource type="PackedScene" uid="uid://ch54hxnoado4n" path="res://objects/car_02.tscn" id="35_7o58i"]
[ext_resource type="PackedScene" uid="uid://bqyo0l3wovjgx" path="res://objects/ladder_broken_BW.tscn" id="36_0g4tj"]
[ext_resource type="PackedScene" uid="uid://b36jf5an84wmy" path="res://objects/ladder_long_SW.tscn" id="37_fhnkk"]
[ext_resource type="PackedScene" uid="uid://bdm3quh21j64k" path="res://objects/platform_large.tscn" id="39_df8mr"]
[ext_resource type="PackedScene" uid="uid://ddxucbklr3kpa" path="res://objects/player_dead.tscn" id="40_kma2s"]
[ext_resource type="PackedScene" uid="uid://damv1e2jg8kkn" path="res://objects/platform_moving_large.tscn" id="40_ocgu5"]
[ext_resource type="PackedScene" uid="uid://cw157h7sstjad" path="res://objects/cloud_black_fading.tscn" id="41_opmb7"]
[ext_resource type="PackedScene" uid="uid://dqki0eqhmcfjv" path="res://objects/dressing.tscn" id="42_cf5ma"]
[ext_resource type="PackedScene" uid="uid://dhxok27jxvik8" path="res://objects/flag.tscn" id="42_y4e2o"]
[ext_resource type="PackedScene" uid="uid://c8hcf0bt003xh" path="res://objects/button_invisible.tscn" id="43_6uail"]
[ext_resource type="PackedScene" uid="uid://b8qcgoowovf04" path="res://objects/shark_spike_block_wide.tscn" id="44_67iok"]
[ext_resource type="PackedScene" uid="uid://driu3rbq1q0fy" path="res://objects/rocks_extralarge.tscn" id="44_t3jth"]
[ext_resource type="PackedScene" uid="uid://da0jdvukdasu8" path="res://objects/Boat.tscn" id="45_7xt0x"]
[ext_resource type="PackedScene" uid="uid://qk3gvsucr31w" path="res://objects/platform_flowers.tscn" id="45_hbtlm"]
[ext_resource type="PackedScene" uid="uid://dqcqg0wbopve2" path="res://objects/rocks_large.tscn" id="45_xsq01"]
[ext_resource type="PackedScene" uid="uid://cxea8lmw7cy1l" path="res://objects/player_kill_volume.tscn" id="46_5ksp0"]
[ext_resource type="PackedScene" uid="uid://drdt1lv4menw6" path="res://models/props/grass.glb" id="47_7admt"]
[ext_resource type="PackedScene" uid="uid://21swud7k4gw3" path="res://objects/Squid.tscn" id="47_7br4n"]
[ext_resource type="Script" path="res://scripts/hud.gd" id="47_ly1nt"]
[ext_resource type="Texture2D" uid="uid://cd7oyc56ehkx1" path="res://sprites/coin.png" id="48_icc12"]
[ext_resource type="PackedScene" uid="uid://chba6fx3120ep" path="res://objects/rocks_extralarge_dressing.tscn" id="48_vqsav"]
[ext_resource type="LabelSettings" uid="uid://daohhjonjrdx8" path="res://themes/label_settings.tres" id="49_uepve"]
[ext_resource type="FontFile" uid="uid://d0cxd77jybrcn" path="res://fonts/lilita_one_regular.ttf" id="50_twwe4"]
[ext_resource type="AudioStream" uid="uid://b0exwtcf20xje" path="res://sounds/animals_whale_large_water.mp3" id="50_x15gd"]
[ext_resource type="Theme" uid="uid://d3avl0mr4r87l" path="res://themes/default_theme.tres" id="51_0odjn"]
[ext_resource type="PackedScene" uid="uid://hnnq8ndh7uyu" path="res://objects/ladder_platform_falling.tscn" id="51_uq80t"]
[ext_resource type="Texture2D" uid="uid://dm50aa4qogm65" path="res://sprites/button_rectangle_depth_gloss.png" id="52_rwotj"]
[ext_resource type="PackedScene" uid="uid://bch4dympxjk2n" path="res://objects/platform_ramp_2.tscn" id="53_o6qqd"]

[sub_resource type="CameraAttributesPractical" id="CameraAttributesPractical_u8ojw"]
exposure_multiplier = 1.658
auto_exposure_enabled = true
auto_exposure_scale = 0.75
dof_blur_far_enabled = true
dof_blur_far_distance = 0.01
dof_blur_amount = 0.01

[sub_resource type="SphereMesh" id="SphereMesh_4ycjj"]
radius = 0.05
height = 0.05
radial_segments = 51

[sub_resource type="StandardMaterial3D" id="StandardMaterial3D_q7stj"]
diffuse_mode = 2
specular_mode = 2
metallic_specular = 0.0
backlight = Color(0, 0.521569, 0.709804, 1)
billboard_keep_scale = true
grow_amount = 1.882
proximity_fade_distance = 0.25

[sub_resource type="Curve" id="Curve_xh1e2"]
_data = [Vector2(0, 0), 0.0, 0.0, 0, 0, Vector2(0.249284, 1), 0.0, 0.0, 0, 0, Vector2(1, 0), 0.0, 0.0, 0, 0]
point_count = 3

[sub_resource type="StandardMaterial3D" id="StandardMaterial3D_ll8ma"]
diffuse_mode = 2
specular_mode = 2
metallic_specular = 0.0
backlight = Color(0, 0.521569, 0.709804, 1)
billboard_keep_scale = true
grow_amount = 1.882
proximity_fade_distance = 0.25

[sub_resource type="Curve" id="Curve_i583v"]
_data = [Vector2(0, 0), 0.0, 0.0, 0, 0, Vector2(0.249284, 1), 0.0, 0.0, 0, 0, Vector2(1, 0), 0.0, 0.0, 0, 0]
point_count = 3

[sub_resource type="Curve3D" id="Curve3D_tdwqj"]
_data = {
"points": PackedVector3Array(0, 0, 0, 0, 0, 0, 9.05005, 4.14361, 14.2462, 0, 0, 0, 0, 0, 0, 6.10711, 6.76562, 20.2235),
"tilts": PackedFloat32Array(0, 0)
}
point_count = 2

[sub_resource type="Curve3D" id="Curve3D_g6urx"]
_data = {
"points": PackedVector3Array(0, 0, 0, 0, 0, 0, -12.8015, -7.23486, 5.65746, 0, 0, 0, 0, 0, 0, -13.0517, 7.73771, 17.3006),
"tilts": PackedFloat32Array(0, 0)
}
point_count = 2

[sub_resource type="Curve3D" id="Curve3D_ymxxw"]
_data = {
"points": PackedVector3Array(0, 0, 0, 0, 0, 0, -15.5235, -12.9592, 5.65746, 0, 0, 0, 0, 0, 0, -12.6888, 8.1462, 20.6938),
"tilts": PackedFloat32Array(0, 0)
}
point_count = 2

[sub_resource type="Curve3D" id="Curve3D_q5e3e"]
_data = {
"points": PackedVector3Array(0, 0, 0, 0, 0, 0, -12.192, -15.5423, 3.03419, 0, 0, 0, 0, 0, 0, -15.5998, 10.0696, 19.1715),
"tilts": PackedFloat32Array(0, 0)
}
point_count = 2

[sub_resource type="Curve3D" id="Curve3D_l6mjt"]
_data = {
"points": PackedVector3Array(0, 0, 0, 0, 0, 0, -12.192, -12.9592, -0.424023, 0, 0, 0, 0, 0, 0, -16.9116, 9.26897, 15.9908),
"tilts": PackedFloat32Array(0, 0)
}
point_count = 2

[sub_resource type="Curve3D" id="Curve3D_o3734"]
_data = {
"points": PackedVector3Array(0, 0, 0, 0, 0, 0, -7.60532, -12.9592, -0.424023, 0, 0, 0, 0, 0, 0, -19.5489, 9.88997, 18.8234),
"tilts": PackedFloat32Array(0, 0)
}
point_count = 2

[sub_resource type="Curve3D" id="Curve3D_8bick"]
_data = {
"points": PackedVector3Array(0, 0, 0, 0, 0, 0, -11.4661, -10.8997, 6.36881, 0, 0, 0, 0, 0, 0, -14.4827, 8.20599, 14.4889),
"tilts": PackedFloat32Array(0, 0)
}
point_count = 2

[sub_resource type="Curve3D" id="Curve3D_gc2d6"]
_data = {
"points": PackedVector3Array(0, 0, 0, 0, 0, 0, -13.2818, 15.4474, -5.43608, 0, 0, 0, 0, 0, 0, -22.6897, 9.5558, 5.98551, 0, 0, 0, 0, 0, 0, -15.7188, 0.451226, 4.33693, 0, 0, 0, 0, 0, 0, -27.4285, -7.44667, -0.0533295),
"tilts": PackedFloat32Array(0, 0, 0, 0)
}
point_count = 4

[sub_resource type="ParticleProcessMaterial" id="ParticleProcessMaterial_pjij8"]

[sub_resource type="SphereMesh" id="SphereMesh_gibmh"]

[sub_resource type="Curve3D" id="Curve3D_h1jve"]
_data = {
"points": PackedVector3Array(0, 0, 0, 0, 0, 0, -38.7685, -3.78774, -36.832, 0, 0, 0, 0, 0, 0, -26.6903, -11.4516, -68.3616),
"tilts": PackedFloat32Array(0, 0)
}
point_count = 2

[sub_resource type="Curve3D" id="Curve3D_0db2e"]
_data = {
"points": PackedVector3Array(0, 0, 0, 0, 0, 0, -19.6506, -2.16422, -32.2062, 0, 0, 0, 0, 0, 0, -31.5869, -12.5363, -69.1548),
"tilts": PackedFloat32Array(0, 0)
}
point_count = 2

[sub_resource type="Curve3D" id="Curve3D_nfqbs"]
_data = {
"points": PackedVector3Array(0, 0, 0, 0, 0, 0, -28.4973, -8.01671, -35.8249, 0, 0, 0, 0, 0, 0, -29.4322, -12.5363, -74.0795),
"tilts": PackedFloat32Array(0, 0)
}
point_count = 2

[sub_resource type="Curve3D" id="Curve3D_o588s"]
_data = {
"points": PackedVector3Array(0, 0, 0, 0, 0, 0, -20.7282, -10.5274, -40.8427, 0, 0, 0, 0, 0, 0, -25.8722, -12.5363, -71.3102),
"tilts": PackedFloat32Array(0, 0)
}
point_count = 2

[sub_resource type="Curve3D" id="Curve3D_tj2mx"]
_data = {
"points": PackedVector3Array(0, 0, 0, 0, 0, 0, -38.724, -15.1988, -36.8509, 0, 0, 0, 0, 0, 0, -31.831, -12.5363, -72.2121),
"tilts": PackedFloat32Array(0, 0)
}
point_count = 2

[sub_resource type="Curve3D" id="Curve3D_g1nwm"]
_data = {
"points": PackedVector3Array(0, 0, 0, 0, 0, 0, -47.5096, 1.05472, -36.8509, 0, 0, 0, 0, 0, 0, -33.5824, -12.5363, -70.185),
"tilts": PackedFloat32Array(0, 0)
}
point_count = 2

[sub_resource type="LabelSettings" id="LabelSettings_ri8jt"]
font = ExtResource("50_twwe4")
font_size = 128
shadow_color = Color(0, 0, 0, 0.376471)
shadow_offset = Vector2(2, 2)

[sub_resource type="LabelSettings" id="LabelSettings_x4d2s"]
font = ExtResource("50_twwe4")
font_size = 32
shadow_color = Color(0, 0, 0, 0.376471)
shadow_offset = Vector2(2, 2)

[sub_resource type="LabelSettings" id="LabelSettings_v6r7m"]
font = ExtResource("50_twwe4")
font_size = 42
shadow_color = Color(0, 0, 0, 0.376471)
shadow_offset = Vector2(2, 2)

[node name="Main" type="Node3D"]

[node name="Environment" type="WorldEnvironment" parent="."]
unique_name_in_owner = true
environment = ExtResource("1_obxi2")
camera_attributes = SubResource("CameraAttributesPractical_u8ojw")

[node name="Player" parent="." node_paths=PackedStringArray("view") instance=ExtResource("2_oiy0w")]
transform = Transform3D(0.705161, 0.0255613, 0.708586, -0.0362251, 0.999344, 0, -0.708121, -0.0256686, 0.705624, -6.32882, 24.0079, -4.41389)
view = NodePath("../View")

[node name="ParticlesTrail" parent="Player" index="3"]
transform = Transform3D(0.948921, -0.00185154, -0.315508, -0.00185155, 0.999933, -0.0114368, 0.315508, 0.0114368, 0.948854, -0.0506873, 0.424029, 0.287275)
amount = 120
lifetime = 0.94
speed_scale = 0.1
mesh = SubResource("SphereMesh_4ycjj")
emission_sphere_radius = 0.01
linear_accel_min = -12.15
linear_accel_max = 43.09
color = Color(0.109804, 0.164706, 0.509804, 1)

[node name="SoundFootsteps" parent="Player" index="4"]
stream = ExtResource("3_x5ntb")
parameters/looping = true

[node name="ParticlesTrail2" type="CPUParticles3D" parent="Player"]
transform = Transform3D(0.948921, -0.00185154, -0.315508, -0.00185155, 0.999933, -0.0114368, 0.315508, 0.0114368, 0.948854, -0.0506873, 0.424029, 0.287275)
material_override = SubResource("StandardMaterial3D_q7stj")
cast_shadow = 0
amount = 120
lifetime = 0.94
speed_scale = 0.1
mesh = SubResource("SphereMesh_4ycjj")
emission_shape = 1
emission_sphere_radius = 0.01
particle_flag_align_y = true
direction = Vector3(0, 0, 0)
gravity = Vector3(0, 0.1, 0)
linear_accel_min = -12.15
linear_accel_max = 43.09
scale_amount_min = 0.75
scale_amount_curve = SubResource("Curve_xh1e2")
color = Color(0.109804, 0.164706, 0.509804, 1)

[node name="ParticlesTrail3" type="CPUParticles3D" parent="Player"]
transform = Transform3D(1, 0, 0, 0, 1, 0, 0, 0, 1, 0.0576758, 0.651634, -0.379401)
visible = false
material_override = SubResource("StandardMaterial3D_ll8ma")
cast_shadow = 0
amount = 60
mesh = ExtResource("3_vprgb")
emission_shape = 1
emission_sphere_radius = 0.2
particle_flag_align_y = true
direction = Vector3(0, 0, 0)
gravity = Vector3(0, 0.1, 0)
scale_amount_min = 0.75
scale_amount_curve = SubResource("Curve_i583v")

[node name="View" type="Node3D" parent="." node_paths=PackedStringArray("target") groups=["View"]]
process_mode = 3
transform = Transform3D(1, 0, 0, 0, -4.37114e-08, 0.999999, 0, -1, -4.37114e-08, 0, 0, 0)
script = ExtResource("4_k2630")
target = NodePath("../Player")

[node name="Camera" type="Camera3D" parent="View"]
transform = Transform3D(1, -1.63913e-07, 4.47035e-08, -1.49012e-08, 1, -1.49012e-07, -2.98023e-08, -5.96046e-08, 1, -0.669745, -1.33163, 12.8557)
current = true
fov = 40.0

[node name="World" type="Node3D" parent="."]

[node name="Part1" type="Node3D" parent="World"]

[node name="Platform_4" parent="World/Part1" instance=ExtResource("13_2k2jo")]
transform = Transform3D(0.711805, -0.702356, -0.00536753, -0.0262884, -0.0190045, -0.999473, 0.701883, 0.711572, -0.0319908, -0.871854, -0.524661, 0.371697)

[node name="wall-doorway-round2" parent="World/Part1/Platform_4" instance=ExtResource("16_bqltv")]
transform = Transform3D(-0.0518354, -0.685259, 0.726454, 0.277367, 0.688932, 0.669657, -0.959366, 0.236206, 0.154357, 1.78636, -1.40798, 0.254798)

[node name="shape-cube-half2" parent="World/Part1/Platform_4" instance=ExtResource("17_gelb3")]
transform = Transform3D(0.782452, -0.0801967, 0.617527, -0.478453, 0.55729, 0.67861, -0.398563, -0.826437, 0.397682, 1.51312, -0.10204, 0.985764)

[node name="shape-cube-half3" parent="World/Part1/Platform_4" instance=ExtResource("17_gelb3")]
transform = Transform3D(0.681693, -0.280186, 0.675865, -0.30805, 0.727978, 0.612497, -0.663628, -0.625735, 0.409946, 1.78482, -2.4961, 0.753877)

[node name="platform-medium15" parent="World/Part1/Platform_4" instance=ExtResource("10_gv1mx")]
transform = Transform3D(0.995465, -0.0292576, 0.0905238, -0.0842121, 0.171701, 0.981542, -0.0442606, -0.984715, 0.168458, 1.24296, -1.28407, 0.614498)
visible = false

[node name="wall-diagonal3" parent="World/Part1/Platform_4" instance=ExtResource("11_jvyke")]
transform = Transform3D(0.137487, 0.989447, 0.0457653, 0.667168, -0.126659, 0.73406, 0.732109, -0.0703903, -0.677542, 1.60321, -2.18756, 0.30912)

[node name="vehicle-convertible4" parent="World/Part1/Platform_4" instance=ExtResource("35_7o58i")]
transform = Transform3D(0.898307, -0.148212, -0.413616, -0.428776, -0.0902539, -0.898891, 0.0958963, 0.984829, -0.144625, 0.455434, -2.10431, -0.00893426)

[node name="vehicle-convertible5" parent="World/Part1/Platform_4" instance=ExtResource("35_7o58i")]
transform = Transform3D(-0.369141, -0.156956, -0.916025, -0.921286, -0.0679473, 0.382904, -0.12234, 0.985266, -0.119519, 1.14066, -0.621787, 0.20096)

[node name="vehicle-convertible6" parent="World/Part1/Platform_4" instance=ExtResource("35_7o58i")]
transform = Transform3D(0.0493393, -0.4549, -0.889177, -0.234331, -0.870683, 0.432436, -0.970906, 0.187026, -0.149556, 0.275302, 0.982412, 0.73455)

[node name="ladder-long4" parent="World/Part1/Platform_4" instance=ExtResource("37_fhnkk")]
transform = Transform3D(0.977267, 0.157761, -0.141644, -0.169974, 0.982305, -0.0786464, 0.12673, 0.100933, 0.98679, -0.0422582, -1.61061, 0.294451)

[node name="ladder-long5" parent="World/Part1/Platform_4" instance=ExtResource("37_fhnkk")]
transform = Transform3D(0.273042, 0.951026, -0.144911, -0.961413, 0.264491, -0.0756898, -0.0336544, 0.159986, 0.986547, 0.315761, -1.79591, 0.0817583)

[node name="vehicle2" parent="World/Part1/Platform_4" instance=ExtResource("10_f8d0h")]
transform = Transform3D(0.898308, 0.435632, -0.0571843, -0.428776, 0.897599, 0.102306, 0.0958963, -0.067384, 0.99311, 2.05022, -0.636206, 0.990319)

[node name="poles6" parent="World/Part1/Platform_4" instance=ExtResource("13_bnxsl")]
transform = Transform3D(0.442235, 0.894984, 0.0586055, 0.894655, -0.435565, -0.099376, -0.0634144, 0.0963796, -0.993324, 1.07499, -2.08045, 0.227011)

[node name="poles7" parent="World/Part1/Platform_4" instance=ExtResource("13_bnxsl")]
transform = Transform3D(0.442235, 0.894984, 0.0586057, 0.894655, -0.435565, -0.0993762, -0.0634144, 0.0963795, -0.993324, 1.58101, -1.06537, 0.565277)

[node name="poles8" parent="World/Part1/Platform_4" instance=ExtResource("13_bnxsl")]
transform = Transform3D(0.442235, 0.894984, 0.0586057, 0.894655, -0.435565, -0.0993765, -0.0634144, 0.0963795, -0.993324, 0.0721898, -0.394256, 0.355694)

[node name="poles9" parent="World/Part1/Platform_4" instance=ExtResource("13_bnxsl")]
transform = Transform3D(0.442235, 0.894984, 0.0586057, 0.894654, -0.435565, -0.0993763, -0.0634144, 0.0963796, -0.993323, -0.34603, -0.333473, 2.06027)

[node name="Platform_7" parent="World/Part1" instance=ExtResource("7_tt7d5")]
transform = Transform3D(-0.261246, -0.965272, 3.72529e-09, -0.965243, 0.261238, 0.00781901, -0.00754747, 0.00204268, -0.999969, 4.09164, 2.8008, 11.4645)

[node name="platform-medium3" parent="World/Part1/Platform_7" instance=ExtResource("10_gv1mx")]
transform = Transform3D(-0.261146, 0.965272, -0.00722141, -0.964903, -0.261246, -0.0266822, -0.0276422, 1.53406e-09, 0.999618, -0.615456, 1.63378, 1.37179)
visible = false

[node name="vehicle-convertible" parent="World/Part1/Platform_7" instance=ExtResource("35_7o58i")]
transform = Transform3D(-0.248597, -0.965243, -0.0806583, -0.926948, 0.261238, -0.269299, 0.28101, 0.00781901, -0.959673, 0.222017, 2.10164, 2.37939)

[node name="ladder-broken2" parent="World/Part1/Platform_7" instance=ExtResource("36_0g4tj")]
transform = Transform3D(-0.259352, 0.0625481, 0.963755, -0.95372, 0.140644, -0.265779, -0.152171, -0.988083, 0.0231771, 0.0702219, 2.63667, 1.89333)

[node name="ladder-long2" parent="World/Part1/Platform_7" instance=ExtResource("37_fhnkk")]
transform = Transform3D(0.52686, -0.548501, 0.64928, -0.343889, -0.836148, -0.427314, 0.777277, 0.00185385, -0.629157, 0.4136, 2.28998, 0.341973)

[node name="platform-medium13" parent="World/Part1/Platform_7" instance=ExtResource("10_gv1mx")]
transform = Transform3D(-0.40965, -0.905523, 0.11052, -0.91113, 0.412117, -0.00056563, -0.0450361, -0.10093, -0.993874, -0.0218034, 1.47548, 1.58762)
visible = false

[node name="wheelchair2" parent="World/Part1/Platform_7" instance=ExtResource("12_exapx")]
transform = Transform3D(-0.248599, 0.126407, -0.960323, -0.926947, 0.256589, 0.273732, 0.281012, 0.95822, 0.053385, -0.863438, 0.602176, 0.107004)

[node name="poles2" parent="World/Part1/Platform_7" instance=ExtResource("13_bnxsl")]
transform = Transform3D(-0.248599, -0.070472, -0.966039, -0.926948, 0.306658, 0.216167, 0.281012, 0.949208, -0.141559, -0.455811, 1.36879, 1.54709)

[node name="shape-cube-half4" parent="World/Part1/Platform_7" instance=ExtResource("14_g3su7")]
transform = Transform3D(-0.248597, -0.965243, -0.0806583, -0.926948, 0.261238, -0.269299, 0.28101, 0.00781899, -0.959673, -0.211568, 0.658986, 2.19986)

[node name="fence-broken3" parent="World/Part1/Platform_7" instance=ExtResource("15_x385b")]
transform = Transform3D(0.267958, -0.172665, -0.947831, -0.318145, -0.94448, 0.0821116, -0.909387, 0.279548, -0.308015, -0.549911, 0.80246, 2.46109)

[node name="key2" parent="World/Part1/Platform_7" instance=ExtResource("16_pinw5")]
transform = Transform3D(-0.211445, 0.0898858, -0.973248, -0.798144, 0.558868, 0.225016, 0.564145, 0.824371, -0.0464274, -0.607825, 0.922322, 1.55766)

[node name="key3" parent="World/Part1/Platform_7" instance=ExtResource("16_pinw5")]
transform = Transform3D(-0.0669802, 0.188682, -0.979751, -0.276175, 0.940085, 0.199923, 0.958773, 0.283973, -0.0108563, -0.326809, 0.690325, 1.59914)

[node name="platform-ramp2" parent="World/Part1/Platform_7" instance=ExtResource("53_o6qqd")]
transform = Transform3D(-0.43187, -0.841005, -0.325883, -0.893757, 0.350493, 0.279916, -0.121191, 0.412148, -0.903023, -0.49537, 0.799951, 0.980997)

[node name="wheelchair3" parent="World/Part1/Platform_7" instance=ExtResource("12_exapx")]
transform = Transform3D(0.603562, -0.0432248, -0.796142, 0.752847, -0.297915, 0.586913, -0.262554, -0.953614, -0.147268, -0.0264606, 2.47883, 2.33577)

[node name="poles3" parent="World/Part1/Platform_7" instance=ExtResource("13_bnxsl")]
transform = Transform3D(0.603563, -0.203384, -0.770938, 0.752848, -0.173028, 0.635044, -0.262554, -0.96369, 0.0486844, -0.464985, 1.44748, 1.45711)

[node name="shape-cube-half5" parent="World/Part1/Platform_7" instance=ExtResource("14_g3su7")]
transform = Transform3D(0.603564, -0.793192, 0.0809847, 0.752847, 0.600399, 0.269706, -0.262552, -0.101815, 0.959531, 0.52756, 1.83482, 0.759943)

[node name="fence-broken4" parent="World/Part1/Platform_7" instance=ExtResource("15_x385b")]
transform = Transform3D(0.336132, 0.663509, -0.66841, 0.022676, 0.703799, 0.710037, 0.941543, -0.253825, 0.221526, 0.208284, 2.0085, 0.0111532)

[node name="key4" parent="World/Part1/Platform_7" instance=ExtResource("16_pinw5")]
transform = Transform3D(0.54889, -0.315282, -0.774155, 0.63246, -0.44891, 0.631247, -0.546549, -0.836109, -0.0469996, 0.0010891, 2.01908, 0.900461)

[node name="key5" parent="World/Part1/Platform_7" instance=ExtResource("16_pinw5")]
transform = Transform3D(0.259122, -0.602001, -0.755282, 0.181458, -0.737724, 0.650258, -0.948648, -0.305547, -0.0819232, 0.358724, 1.93811, 0.893034)

[node name="platform-ramp3" parent="World/Part1/Platform_7" instance=ExtResource("53_o6qqd")]
transform = Transform3D(0.510807, -0.809606, -0.289161, 0.856965, 0.5063, 0.0962752, 0.0684565, -0.296979, 0.952428, -0.0281763, 2.09658, 1.58055)

[node name="platform-ramp4" parent="World/Part1/Platform_7" instance=ExtResource("53_o6qqd")]
transform = Transform3D(0.175112, -0.354237, 0.918614, -0.974833, 0.0683703, 0.212195, -0.137973, -0.932653, -0.33335, -15.3158, 20.7323, 2.1675)

[node name="platform-ramp5" parent="World/Part1/Platform_7" instance=ExtResource("53_o6qqd")]
transform = Transform3D(-0.658799, -0.428424, 0.618415, -0.749969, 0.309064, -0.584831, 0.0594258, -0.849078, -0.524916, -14.8393, 22.4747, 2.77734)

[node name="Platform_8" parent="World/Part1" instance=ExtResource("7_tt7d5")]
transform = Transform3D(-0.537689, -0.669159, 0.51295, -0.776822, 0.629679, 0.00714951, -0.327778, -0.394627, -0.858388, 1.84984, 3.17774, 14.0206)

[node name="platform-medium3" parent="World/Part1/Platform_8" instance=ExtResource("10_gv1mx")]
transform = Transform3D(-0.261146, 0.965272, -0.00722141, -0.964903, -0.261246, -0.0266822, -0.0276422, 1.53406e-09, 0.999618, -0.615456, 1.63378, 1.37179)
visible = false

[node name="vehicle-convertible" parent="World/Part1/Platform_8" instance=ExtResource("35_7o58i")]
transform = Transform3D(-0.248597, -0.965243, -0.0806583, -0.926948, 0.261238, -0.269299, 0.28101, 0.00781901, -0.959673, 0.15442, 2.13341, 2.37997)

[node name="ladder-broken2" parent="World/Part1/Platform_8" instance=ExtResource("36_0g4tj")]
transform = Transform3D(-0.259352, 0.0625481, 0.963755, -0.95372, 0.140644, -0.265779, -0.152171, -0.988083, 0.0231771, 0.0702219, 2.63667, 1.89333)

[node name="ladder-long2" parent="World/Part1/Platform_8" instance=ExtResource("37_fhnkk")]
transform = Transform3D(0.52686, -0.548501, 0.64928, -0.343889, -0.836148, -0.427314, 0.777277, 0.00185385, -0.629157, 0.0475664, 1.72242, 0.343576)

[node name="platform-medium13" parent="World/Part1/Platform_8" instance=ExtResource("10_gv1mx")]
transform = Transform3D(-0.40965, -0.905523, 0.11052, -0.91113, 0.412117, -0.00056563, -0.0450361, -0.10093, -0.993874, -0.0218034, 1.47548, 1.58762)
visible = false

[node name="wheelchair2" parent="World/Part1/Platform_8" instance=ExtResource("12_exapx")]
transform = Transform3D(-0.248599, 0.126407, -0.960323, -0.926947, 0.256589, 0.273732, 0.281012, 0.95822, 0.053385, -0.863438, 0.602176, 0.107004)

[node name="poles2" parent="World/Part1/Platform_8" instance=ExtResource("13_bnxsl")]
transform = Transform3D(-0.248599, -0.070472, -0.966039, -0.926948, 0.306658, 0.216167, 0.281012, 0.949208, -0.141559, -0.977467, 0.249096, 2.08987)

[node name="shape-cube-half4" parent="World/Part1/Platform_8" instance=ExtResource("14_g3su7")]
transform = Transform3D(-0.248597, -0.965243, -0.0806583, -0.926948, 0.261238, -0.269299, 0.28101, 0.00781899, -0.959673, -0.251946, 1.04484, 2.20095)

[node name="fence-broken3" parent="World/Part1/Platform_8" instance=ExtResource("15_x385b")]
transform = Transform3D(0.267958, -0.172665, -0.947831, -0.318145, -0.94448, 0.0821116, -0.909387, 0.279548, -0.308015, -0.549911, 0.80246, 2.46109)

[node name="key2" parent="World/Part1/Platform_8" instance=ExtResource("16_pinw5")]
transform = Transform3D(-0.211445, 0.0898858, -0.973248, -0.798144, 0.558868, 0.225016, 0.564145, 0.824371, -0.0464274, -0.607825, 0.922322, 1.55766)

[node name="key3" parent="World/Part1/Platform_8" instance=ExtResource("16_pinw5")]
transform = Transform3D(-0.0669802, 0.188682, -0.979751, -0.276175, 0.940085, 0.199923, 0.958773, 0.283973, -0.0108563, -0.326809, 0.690325, 1.59914)

[node name="platform-ramp2" parent="World/Part1/Platform_8" instance=ExtResource("53_o6qqd")]
transform = Transform3D(-0.43187, -0.841005, -0.325883, -0.893757, 0.350493, 0.279916, -0.121191, 0.412148, -0.903023, -0.920252, -0.104044, 0.982357)

[node name="platform-ramp6" parent="World/Part1/Platform_8" instance=ExtResource("53_o6qqd")]
transform = Transform3D(-0.43187, -0.841005, -0.325883, -0.893757, 0.350493, 0.279916, -0.121191, 0.412148, -0.903023, -0.84224, -0.0132632, 1.46342)

[node name="platform-ramp7" parent="World/Part1/Platform_8" instance=ExtResource("53_o6qqd")]
transform = Transform3D(-0.43284, -0.837175, -0.334348, -0.895117, 0.355176, 0.269473, -0.106844, 0.41592, -0.903105, -0.410008, 0.521914, 1.29234)

[node name="wheelchair3" parent="World/Part1/Platform_8" instance=ExtResource("12_exapx")]
transform = Transform3D(0.603562, -0.0432248, -0.796142, 0.752847, -0.297915, 0.586913, -0.262554, -0.953614, -0.147268, -0.0264606, 2.47883, 2.33577)

[node name="poles3" parent="World/Part1/Platform_8" instance=ExtResource("13_bnxsl")]
transform = Transform3D(0.603563, -0.203384, -0.770938, 0.752848, -0.173028, 0.635044, -0.262554, -0.96369, 0.0486844, -0.464985, 1.44748, 1.45711)

[node name="shape-cube-half5" parent="World/Part1/Platform_8" instance=ExtResource("14_g3su7")]
transform = Transform3D(0.603564, -0.793192, 0.0809847, 0.752847, 0.600399, 0.269706, -0.262552, -0.101815, 0.959531, 0.150565, 1.88507, 0.762892)

[node name="fence-broken4" parent="World/Part1/Platform_8" instance=ExtResource("15_x385b")]
transform = Transform3D(0.336132, 0.663509, -0.66841, 0.022676, 0.703799, 0.710037, 0.941543, -0.253825, 0.221526, 0.208284, 2.0085, 0.0111532)

[node name="key4" parent="World/Part1/Platform_8" instance=ExtResource("16_pinw5")]
transform = Transform3D(0.54889, -0.315282, -0.774155, 0.63246, -0.44891, 0.631247, -0.546549, -0.836109, -0.0469996, 0.0010891, 2.01908, 0.900461)

[node name="key5" parent="World/Part1/Platform_8" instance=ExtResource("16_pinw5")]
transform = Transform3D(0.259122, -0.602001, -0.755282, 0.181458, -0.737724, 0.650258, -0.948648, -0.305547, -0.0819232, 0.358724, 1.93811, 0.893034)

[node name="platform-ramp3" parent="World/Part1/Platform_8" instance=ExtResource("53_o6qqd")]
transform = Transform3D(0.510807, -0.809606, -0.289161, 0.856965, 0.5063, 0.0962752, 0.0684565, -0.296979, 0.952428, -0.0281763, 2.09658, 1.58055)

[node name="platform-ramp4" parent="World/Part1/Platform_8" instance=ExtResource("53_o6qqd")]
transform = Transform3D(0.175112, -0.354237, 0.918614, -0.974833, 0.0683703, 0.212195, -0.137973, -0.932653, -0.33335, -15.3158, 20.7323, 2.1675)

[node name="platform-ramp5" parent="World/Part1/Platform_8" instance=ExtResource("53_o6qqd")]
transform = Transform3D(-0.658799, -0.428424, 0.618415, -0.749969, 0.309064, -0.584831, 0.0594258, -0.849078, -0.524916, -14.8393, 22.4747, 2.77734)

[node name="coin" parent="World/Part1/Platform_8" instance=ExtResource("31_bbfjm")]
transform = Transform3D(0.425363, 0.904991, -0.0075475, 0.905022, -0.425361, 0.00204268, -0.00136179, -0.0076995, -0.99997, -1.73954, 2.93891, -3.85446)

[node name="coin" parent="World/Part1" instance=ExtResource("31_bbfjm")]
transform = Transform3D(-0.19158, 0, -0.981477, 0, 1, 0, 0.981477, 0, -0.19158, 0.145289, 2.35824, 4.93852)

[node name="moving_transportation_1" parent="World/Part1" instance=ExtResource("32_n1hvm")]
transform = Transform3D(1, 0, 0, 0, 1, 0, 0, 0, 1, -1.25138, 4.5285, 16.6852)

[node name="button" parent="World/Part1/moving_transportation_1" node_paths=PackedStringArray("target") instance=ExtResource("43_6uail")]
transform = Transform3D(1, 0, 0, 0, 1, 0, 0, 0, 1, 0.121023, 0.194014, -0.0963631)
target = NodePath("../../moving_object_path_1")

[node name="moving_object_path_1" parent="World/Part1" node_paths=PackedStringArray("object_to_move") instance=ExtResource("33_07e36")]
transform = Transform3D(0.807784, 0, -0.589478, 0, 1, 0, 0.589478, 0, 0.807784, 0, 0, 0)
curve = SubResource("Curve3D_tdwqj")
object_to_move = NodePath("../moving_transportation_1")
is_on_from_start = false
stop_at_end = true

[node name="coin2" parent="World/Part1" instance=ExtResource("31_bbfjm")]
transform = Transform3D(1, 0, 0, 0, 1, 0, 0, 0, 1, -9.36644, 0.755318, -2.19794)

[node name="StartPLatform" type="Node3D" parent="World/Part1"]

[node name="vehicle-convertible" parent="World/Part1/StartPLatform" instance=ExtResource("35_7o58i")]
transform = Transform3D(1, 0, 0, 0, 1, 0, 0, 0, 1, -6.48267, -3.15684, -5.34697)

[node name="ladder-broken2" parent="World/Part1/StartPLatform" instance=ExtResource("36_0g4tj")]
transform = Transform3D(0.905761, -0.42358, 0.0132893, 0, -0.0313584, -0.999508, 0.423788, 0.905316, -0.0284032, -7.07747, -2.71027, -5.01236)

[node name="ladder-long2" parent="World/Part1/StartPLatform" instance=ExtResource("37_fhnkk")]
transform = Transform3D(0.406214, 0.911943, 0.057889, -0.592307, 0.311017, -0.743263, -0.695818, 0.267636, 0.66649, -7.77252, -3.14441, -3.60287)

[node name="wheelchair2" parent="World/Part1/StartPLatform" instance=ExtResource("12_exapx")]
transform = Transform3D(1, 1.09896e-07, -7.45058e-08, 1.62423e-06, -0.0474899, 0.998871, -1.92784e-06, -0.998872, -0.0474899, -5.46147, -2.35452, -2.67487)

[node name="poles2" parent="World/Part1/StartPLatform" instance=ExtResource("13_bnxsl")]
transform = Transform3D(1, 2.86847e-07, -1.49012e-07, 1.49012e-06, 0.155555, 0.987827, -1.69501e-06, -0.987828, 0.155555, -5.86874, -2.75748, -4.29621)

[node name="shape-cube-half4" parent="World/Part1/StartPLatform" instance=ExtResource("14_g3su7")]
transform = Transform3D(1, 0, -4.28408e-08, -4.47035e-08, 1, 7.45058e-09, -5.58794e-09, 1.49012e-08, 1, -5.08807, -3.03572, -4.75121)

[node name="fence-broken3" parent="World/Part1/StartPLatform" instance=ExtResource("15_x385b")]
transform = Transform3D(-0.0272561, 0.996964, 0.07296, -0.348866, -0.077885, 0.93393, 0.936777, -7.45058e-08, 0.349931, -5.06354, -2.58642, -5.01325)

[node name="key2" parent="World/Part1/StartPLatform" instance=ExtResource("16_pinw5")]
transform = Transform3D(0.950933, -0.308731, 0.0203218, 1.62423e-06, 0.0656817, 0.99784, -0.3094, -0.948879, 0.0624589, -5.41413, -2.50627, -4.17386)

[node name="key3" parent="World/Part1/StartPLatform" instance=ExtResource("16_pinw5")]
transform = Transform3D(0.542075, -0.838516, 0.0551943, 1.53854e-06, 0.0656817, 0.997841, -0.840332, -0.540904, 0.0356044, -5.25728, -2.8378, -4.17386)

[node name="platform-ramp2" parent="World/Part1/StartPLatform" instance=ExtResource("53_o6qqd")]
transform = Transform3D(0.901772, 2.98023e-08, -0.432212, 0.182428, 0.906559, 0.38062, 0.391825, -0.422081, 0.81751, -5.4907, -2.94719, -3.59657)

[node name="wheelchair3" parent="World/Part1/StartPLatform" instance=ExtResource("12_exapx")]
transform = Transform3D(-0.921674, 0.0189224, -0.387503, -0.387965, -0.0435607, 0.920644, 0.000543112, 0.998872, 0.0474898, -6.7828, -2.65472, -5.38665)

[node name="poles3" parent="World/Part1/StartPLatform" instance=ExtResource("13_bnxsl")]
transform = Transform3D(-0.921675, -0.0598575, -0.383319, -0.387965, 0.143578, 0.910421, 0.000542778, 0.987828, -0.155555, -5.96468, -2.77146, -4.23031)

[node name="shape-cube-half5" parent="World/Part1/StartPLatform" instance=ExtResource("14_g3su7")]
transform = Transform3D(-0.921674, -0.387964, -0.000498643, -0.387966, 0.921674, -0.000209764, 0.000541103, -1.11759e-07, -1, -6.89391, -3.35032, -3.31011)

[node name="fence-broken4" parent="World/Part1/StartPLatform" instance=ExtResource("15_x385b")]
transform = Transform3D(0.160002, -0.888659, -0.429751, -0.311163, -0.458573, 0.832399, -0.936791, 0.000539528, -0.349892, -7.05842, -3.02235, -3.04805)

[node name="key4" parent="World/Part1/StartPLatform" instance=ExtResource("16_pinw5")]
transform = Transform3D(-0.876296, 0.25954, -0.405888, -0.368863, 0.180513, 0.911786, 0.309915, 0.948712, -0.0624479, -6.76682, -2.81264, -3.88763)

[node name="key5" parent="World/Part1/StartPLatform" instance=ExtResource("16_pinw5")]
transform = Transform3D(-0.499198, 0.747626, -0.438015, -0.210129, 0.385967, 0.898263, 0.840625, 0.54045, -0.0355745, -6.78275, -3.17906, -3.88755)

[node name="platform-ramp3" parent="World/Part1/StartPLatform" instance=ExtResource("53_o6qqd")]
transform = Transform3D(-0.90211, -0.351502, 0.250284, -0.268645, 0.91141, 0.311709, -0.337676, 0.213958, -0.916623, -6.64027, -3.14664, -4.55881)

[node name="platform-medium4" parent="World/Part1/StartPLatform" instance=ExtResource("10_gv1mx")]
transform = Transform3D(0.966814, 0.00178787, 0.255472, -0.000216105, -0.99997, 0.00781603, 0.255478, -0.00761186, -0.966785, -5.96167, -2.5154, -4.02567)
visible = false

[node name="StartPLatform2" type="Node3D" parent="World/Part1"]

[node name="Platform_2" parent="World/Part1" instance=ExtResource("29_s3qsc")]
transform = Transform3D(0.979017, 0.203778, 0, -0.203778, 0.979017, 0, 0, 0, 1, -3.73852, -0.937127, 0.679722)

[node name="Platform_5" type="Node3D" parent="World/Part1"]
transform = Transform3D(1, 0, 0, 0, 1, 0, 0, 0, 1, 1.44879, -0.795822, 0)

[node name="platform-medium15" parent="World/Part1/Platform_5" instance=ExtResource("10_gv1mx")]
transform = Transform3D(0.98055, -0.196272, -1.546e-07, 0.194884, 0.973617, 0.118698, -0.0232971, -0.11639, 0.99293, 1.14188, 1.24731, 3.83331)
visible = false

[node name="platform-medium3" parent="World/Part1/Platform_5" instance=ExtResource("10_gv1mx")]
transform = Transform3D(0.999617, 5.71482e-18, 0.0276421, 1.19209e-07, 1, -6.98492e-09, -0.0276422, -3.9968e-15, 0.999618, 1.20402, 1.79755, 6.17224)
visible = false

[node name="wall" parent="World/Part1/Platform_5" instance=ExtResource("13_2k2jo")]
transform = Transform3D(0.0112571, -0.00599182, -0.999918, -0.995046, -0.098843, -0.0106101, -0.0987714, 0.995085, -0.00707514, 1.28699, 2.23385, 4.68205)

[node name="wall3" parent="World/Part1/Platform_5/wall" instance=ExtResource("13_2k2jo")]
transform = Transform3D(1, 7.45058e-09, 1.16415e-10, 0, 1, -4.65661e-10, -9.31323e-10, 9.31323e-10, 1, 0.389028, 0.0269837, 0.992296)

[node name="wall4" parent="World/Part1/Platform_5/wall" instance=ExtResource("13_2k2jo")]
transform = Transform3D(0.957746, 0.284157, -0.0444704, -0.284772, 0.958562, -0.00802907, 0.0403461, 0.0203537, 0.998978, 0.0287242, -0.0134838, -0.829707)

[node name="vehicle-convertible2" parent="World/Part1/Platform_5" instance=ExtResource("35_7o58i")]
transform = Transform3D(-0.938096, -0.15076, -0.311845, 0.111552, -0.983839, 0.140062, -0.327921, 0.0966049, 0.939753, 1.9768, 1.78585, 2.52351)

[node name="ladder-broken3" parent="World/Part1/Platform_5" instance=ExtResource("36_0g4tj")]
transform = Transform3D(-0.981847, 0.119768, 0.147077, 0.160396, 0.110401, 0.980859, 0.101238, 0.986645, -0.127607, 2.38784, 1.48843, 3.0603)

[node name="ladder-long3" parent="World/Part1/Platform_5" instance=ExtResource("37_fhnkk")]
transform = Transform3D(-0.074784, -0.98584, -0.150092, 0.530591, -0.166777, 0.831059, -0.844323, -0.0174877, 0.53555, 2.66577, 2.03545, 4.57086)

[node name="platform-medium14" parent="World/Part1/Platform_5" instance=ExtResource("10_gv1mx")]
transform = Transform3D(-0.999923, 0.00753793, 0.00985518, -0.00529061, -0.977484, 0.210947, 0.0112245, 0.210879, 0.977448, 1.27861, 1.90081, 3.28361)
visible = false

[node name="wheelchair4" parent="World/Part1/Platform_5" instance=ExtResource("12_exapx")]
transform = Transform3D(-0.938096, 0.318653, -0.135781, 0.11155, -0.0931818, -0.98938, -0.327922, -0.943281, 0.0518671, 0.089309, 1.64609, 4.76141)

[node name="poles4" parent="World/Part1/Platform_5" instance=ExtResource("13_bnxsl")]
transform = Transform3D(-0.938096, 0.284597, -0.197434, 0.11155, -0.291398, -0.950075, -0.327923, -0.913287, 0.241613, 1.0044, 1.55256, 3.35373)

[node name="shape-cube-half6" parent="World/Part1/Platform_5" instance=ExtResource("14_g3su7")]
transform = Transform3D(-0.938096, -0.15076, -0.311845, 0.111552, -0.983839, 0.140062, -0.327921, 0.0966049, 0.939753, 0.476674, 1.82435, 2.62995)

[node name="fence-broken5" parent="World/Part1/Platform_5" instance=ExtResource("15_x385b")]
transform = Transform3D(-0.213965, -0.923506, -0.318367, 0.471395, 0.187839, -0.861685, 0.855574, -0.334449, 0.395146, 0.480189, 1.59112, 2.41102)

[node name="key6" parent="World/Part1/Platform_5" instance=ExtResource("16_pinw5")]
transform = Transform3D(-0.795581, 0.57562, -0.188976, 0.0627412, -0.231962, -0.970699, -0.60259, -0.784127, 0.148428, 0.535224, 1.59072, 3.32255)

[node name="key7" parent="World/Part1/Platform_5" instance=ExtResource("16_pinw5")]
transform = Transform3D(-0.246466, 0.945384, -0.213315, -0.0572307, -0.233918, -0.97057, -0.967462, -0.227004, 0.111756, 0.438069, 1.93439, 3.23908)

[node name="platform-ramp6" parent="World/Part1/Platform_5" instance=ExtResource("53_o6qqd")]
transform = Transform3D(-0.99564, -0.00504944, 0.0931377, -0.0240062, -0.951025, -0.308181, 0.0901322, -0.309074, 0.946759, 0.226766, 2.22186, 3.87616)

[node name="wheelchair5" parent="World/Part1/Platform_5" instance=ExtResource("12_exapx")]
transform = Transform3D(0.922939, -0.322677, 0.209909, 0.278956, 0.184872, -0.94234, 0.265267, 0.92828, 0.260638, 2.21975, 1.41423, 2.6173)

[node name="poles5" parent="World/Part1/Platform_5" instance=ExtResource("13_bnxsl")]
transform = Transform3D(0.92294, -0.273543, 0.270844, 0.278957, -0.00957772, -0.960255, 0.265267, 0.961813, 0.067466, 1.06953, 1.52285, 3.44989)

