[gd_scene load_steps=57 format=3 uid="uid://bpj3yn7lmrvae"]

[ext_resource type="Environment" uid="uid://bqnqgflivjvue" path="res://scenes/main-environment.tres" id="1_obxi2"]
[ext_resource type="PackedScene" uid="uid://dl2ed4gkybggf" path="res://objects/player.tscn" id="2_oiy0w"]
[ext_resource type="ArrayMesh" uid="uid://deu06eho4c74" path="res://vfx_meshes/dust.res" id="3_vprgb"]
[ext_resource type="Script" path="res://scripts/view.gd" id="4_k2630"]
[ext_resource type="PackedScene" uid="uid://b87snreold7v2" path="res://models/props/ladder-long.glb" id="7_tt7d5"]
[ext_resource type="PackedScene" uid="uid://chqgqgdxmnujr" path="res://objects/vehicle.tscn" id="10_f8d0h"]
[ext_resource type="PackedScene" uid="uid://rjh4ifidqrfp" path="res://objects/platform_medium.tscn" id="10_gv1mx"]
[ext_resource type="PackedScene" uid="uid://bobeiftpdfg2x" path="res://models/prototyping/models/wall-diagonal.glb" id="11_jvyke"]
[ext_resource type="PackedScene" uid="uid://dcdg712lcyl0r" path="res://objects/wheelchair_2.tscn" id="12_exapx"]
[ext_resource type="PackedScene" uid="uid://dbr3dh46cbskt" path="res://objects/wall.tscn" id="13_2k2jo"]
[ext_resource type="PackedScene" uid="uid://b8cnpjl0np7tt" path="res://objects/poles_2.tscn" id="13_bnxsl"]
[ext_resource type="PackedScene" uid="uid://cgdv7gqrlsw45" path="res://objects/shape_cube_half_2.tscn" id="14_g3su7"]
[ext_resource type="PackedScene" uid="uid://0v6t454aaexr" path="res://objects/door.tscn" id="14_majc8"]
[ext_resource type="PackedScene" uid="uid://crv1t7lrqdkx0" path="res://objects/fence_broken_2.tscn" id="15_x385b"]
[ext_resource type="PackedScene" uid="uid://ctm7k8us6em8" path="res://models/prototyping/models/wall-doorway-round.glb" id="16_bqltv"]
[ext_resource type="PackedScene" uid="uid://cb0jdactv4w6p" path="res://objects/key_2.tscn" id="16_pinw5"]
[ext_resource type="PackedScene" uid="uid://c0n2315wnksre" path="res://models/prototyping/models/shape-cube-half.glb" id="17_gelb3"]
[ext_resource type="PackedScene" uid="uid://cjohjf4elt53r" path="res://models/prototyping/models/crate.glb" id="21_kxs2d"]
[ext_resource type="PackedScene" uid="uid://bquu1w6urf658" path="res://objects/platform_0.tscn" id="29_s3qsc"]
[ext_resource type="PackedScene" uid="uid://g73m8k0j7lyo" path="res://objects/button.tscn" id="30_ly8c8"]
[ext_resource type="PackedScene" uid="uid://26nobbqnacfu" path="res://objects/platform_1.tscn" id="30_wqnlx"]
[ext_resource type="PackedScene" uid="uid://dfpisimsgf5ce" path="res://objects/coin.tscn" id="31_bbfjm"]
[ext_resource type="PackedScene" uid="uid://d01wbr0fv34ia" path="res://objects/moving_transportation.tscn" id="32_n1hvm"]
[ext_resource type="PackedScene" uid="uid://bs65o07otxbmm" path="res://objects/moving_object_path_3d.tscn" id="33_07e36"]
[ext_resource type="PackedScene" uid="uid://cyvet7kb6y80r" path="res://objects/checkpoint.tscn" id="34_b2vtl"]
[ext_resource type="PackedScene" uid="uid://ch54hxnoado4n" path="res://objects/car_02.tscn" id="35_7o58i"]
[ext_resource type="PackedScene" uid="uid://cdjoifc1x2fii" path="res://objects/cloud_platform_falling.tscn" id="35_qfuxq"]
[ext_resource type="PackedScene" uid="uid://bqyo0l3wovjgx" path="res://objects/ladder_broken_BW.tscn" id="36_0g4tj"]
[ext_resource type="PackedScene" uid="uid://dy017k58p20sk" path="res://objects/cloud.tscn" id="36_e6nhv"]
[ext_resource type="PackedScene" uid="uid://b36jf5an84wmy" path="res://objects/ladder_long_SW.tscn" id="37_fhnkk"]
[ext_resource type="PackedScene" uid="uid://bpharv43ulngb" path="res://objects/platform_moving.tscn" id="38_ufbga"]
[ext_resource type="PackedScene" uid="uid://bdm3quh21j64k" path="res://objects/platform_large.tscn" id="39_df8mr"]
[ext_resource type="PackedScene" uid="uid://damv1e2jg8kkn" path="res://objects/platform_moving_large.tscn" id="40_ocgu5"]
[ext_resource type="PackedScene" uid="uid://cw157h7sstjad" path="res://objects/cloud_black_fading.tscn" id="41_opmb7"]
[ext_resource type="PackedScene" uid="uid://dhxok27jxvik8" path="res://objects/flag.tscn" id="42_y4e2o"]
[ext_resource type="PackedScene" uid="uid://bfdp1fm1p8gar" path="res://objects/shark.tscn" id="43_rhdl4"]
[ext_resource type="PackedScene" uid="uid://b8qcgoowovf04" path="res://objects/shark_spike_block_wide.tscn" id="44_67iok"]
[ext_resource type="PackedScene" uid="uid://da0jdvukdasu8" path="res://objects/Boat.tscn" id="45_7xt0x"]
[ext_resource type="PackedScene" uid="uid://cxea8lmw7cy1l" path="res://objects/player_kill_volume.tscn" id="46_5ksp0"]
[ext_resource type="Script" path="res://scripts/hud.gd" id="47_ly1nt"]
[ext_resource type="Texture2D" uid="uid://cd7oyc56ehkx1" path="res://sprites/coin.png" id="48_icc12"]
[ext_resource type="LabelSettings" uid="uid://daohhjonjrdx8" path="res://themes/label_settings.tres" id="49_uepve"]
[ext_resource type="FontFile" uid="uid://d0cxd77jybrcn" path="res://fonts/lilita_one_regular.ttf" id="50_twwe4"]
[ext_resource type="Theme" uid="uid://d3avl0mr4r87l" path="res://themes/default_theme.tres" id="51_0odjn"]
[ext_resource type="Texture2D" uid="uid://dm50aa4qogm65" path="res://sprites/button_rectangle_depth_gloss.png" id="52_rwotj"]
[ext_resource type="PackedScene" uid="uid://bch4dympxjk2n" path="res://objects/platform_ramp_2.tscn" id="53_o6qqd"]

[sub_resource type="CameraAttributesPractical" id="CameraAttributesPractical_u8ojw"]
exposure_multiplier = 1.658
auto_exposure_enabled = true
auto_exposure_scale = 0.75
dof_blur_far_enabled = true
dof_blur_far_distance = 0.01
dof_blur_amount = 0.01

[sub_resource type="StandardMaterial3D" id="StandardMaterial3D_q7stj"]
diffuse_mode = 2
specular_mode = 2
metallic_specular = 0.0
backlight = Color(0, 0.521569, 0.709804, 1)
billboard_keep_scale = true
grow_amount = 1.882
proximity_fade_distance = 0.25

[sub_resource type="Curve" id="Curve_xh1e2"]
_data = [Vector2(0, 0), 0.0, 0.0, 0, 0, Vector2(0.249284, 1), 0.0, 0.0, 0, 0, Vector2(1, 0), 0.0, 0.0, 0, 0]
point_count = 3

[sub_resource type="Curve3D" id="Curve3D_tdwqj"]
_data = {
"points": PackedVector3Array(0, 0, 0, 0, 0, 0, 9.68051, -1.614, 10.3681, 0, 0, 0, 0, 0, 0, 2.82184, 7.74252, 17.6029),
"tilts": PackedFloat32Array(0, 0)
}
point_count = 2

[sub_resource type="Curve3D" id="Curve3D_76kk6"]
_data = {
"points": PackedVector3Array(0, 0, 0, 0, 0, 0, -11.096, 20.9365, -8.31126, 0, 0, 0, 0, 0, 0, -3.11514, 21.2961, 1.3958),
"tilts": PackedFloat32Array(0, 0)
}
point_count = 2

[sub_resource type="Curve3D" id="Curve3D_gc2d6"]
_data = {
"points": PackedVector3Array(0, 0, 0, 0, 0, 0, -9.20363, 17.6393, -10.9516, 0, 0, 0, 0, 0, 0, -13.8059, 9.5558, 8.04076, 0, 0, 0, 0, 0, 0, -7.98617, 0.451226, 16.9647, 0, 0, 0, 0, 0, 0, -0.987675, -5.56045, 8.501, 0, 0, 0, 0, 0, 0, -7.19958, -5.02431, 8.01946, 0, 0, 0, 0, 0, 0, -9.47529, -5.00824, 6.45214, 0, 0, 0, 0, 0, 0, -7.02031, -4.77871, 9.81185, 0, 0, 0, 0, 0, 0, -8.36789, -4.96629, 7.67811),
"tilts": PackedFloat32Array(0, 0, 0, 0, 0, 0, 0, 0)
}
point_count = 8

[sub_resource type="Curve3D" id="Curve3D_gr263"]
_data = {
"points": PackedVector3Array(0, 0, 0, 0, 0, 0, -5.59113, 20.4261, -23.3253, 0, 0, 0, 0, 0, 0, -13.1369, 18.1625, -7.70928, 0, 0, 0, 0, 0, 0, -18.6589, 16.8674, -17.4556, 0, 0, 0, 0, 0, 0, -29.12, 18.7199, -4.92663, 0, 0, 0, 0, 0, 0, -26.8199, 18.6545, -2.66113),
"tilts": PackedFloat32Array(0, 0, 0, 0, 0)
}
point_count = 5

[sub_resource type="LabelSettings" id="LabelSettings_ri8jt"]
font = ExtResource("50_twwe4")
font_size = 128
shadow_color = Color(0, 0, 0, 0.376471)
shadow_offset = Vector2(2, 2)

[sub_resource type="LabelSettings" id="LabelSettings_x4d2s"]
font = ExtResource("50_twwe4")
font_size = 32
shadow_color = Color(0, 0, 0, 0.376471)
shadow_offset = Vector2(2, 2)

[sub_resource type="LabelSettings" id="LabelSettings_v6r7m"]
font = ExtResource("50_twwe4")
font_size = 42
shadow_color = Color(0, 0, 0, 0.376471)
shadow_offset = Vector2(2, 2)

[node name="Main" type="Node3D"]

[node name="Environment" type="WorldEnvironment" parent="."]
unique_name_in_owner = true
environment = ExtResource("1_obxi2")
camera_attributes = SubResource("CameraAttributesPractical_u8ojw")

[node name="Player" parent="." node_paths=PackedStringArray("view") instance=ExtResource("2_oiy0w")]
transform = Transform3D(0.999344, 0.0362251, 0, -0.0362251, 0.999344, 0, 0, 0, 1, -6.57026, -1.54114, -4.63643)
view = NodePath("../View")

[node name="ParticlesTrail" parent="Player" index="3"]
transform = Transform3D(1, 0, 0, 0, 1, 0, 0, 0, 1, -0.104643, 0.20765, 0.246077)

[node name="ParticlesTrail3" type="CPUParticles3D" parent="Player"]
transform = Transform3D(1, 0, 0, 0, 1, 0, 0, 0, 1, 0.0576758, 0.651634, -0.379401)
material_override = SubResource("StandardMaterial3D_q7stj")
cast_shadow = 0
amount = 60
mesh = ExtResource("3_vprgb")
emission_shape = 1
emission_sphere_radius = 0.2
particle_flag_align_y = true
direction = Vector3(0, 0, 0)
gravity = Vector3(0, 0.1, 0)
scale_amount_min = 0.75
scale_amount_curve = SubResource("Curve_xh1e2")

[node name="View" type="Node3D" parent="." node_paths=PackedStringArray("target") groups=["View"]]
process_mode = 3
transform = Transform3D(-0.978148, 0.0878672, -0.188432, 0, 0.906308, 0.422618, 0.207912, 0.413383, -0.886502, 0, 0, 0)
script = ExtResource("4_k2630")
target = NodePath("../Player")

[node name="Camera" type="Camera3D" parent="View"]
transform = Transform3D(1, -1.63913e-07, 4.47035e-08, -1.49012e-08, 1, -1.49012e-07, -2.98023e-08, -5.96046e-08, 1, -0.669745, -1.33163, 12.8557)
current = true
fov = 40.0

[node name="World" type="Node3D" parent="."]

[node name="Part1" type="Node" parent="World"]

[node name="Platform_4" parent="World/Part1" instance=ExtResource("13_2k2jo")]
transform = Transform3D(0.684772, -0.686451, -0.244686, -0.0578972, 0.283452, -0.957236, 0.726452, 0.669657, 0.154357, -1.97424, 1.46106, 0.281978)

[node name="door2" parent="World/Part1/Platform_4" instance=ExtResource("14_majc8")]
transform = Transform3D(-0.0567597, 0.155857, 0.986148, -0.95424, 0.282005, -0.0994924, -0.293605, -0.94667, 0.132718, 0.011605, -1.15163, 0.107006)
look_at_door_when_opens = true
open_door_with_coins = 1

[node name="platform-medium2" parent="World/Part1/Platform_4" instance=ExtResource("10_gv1mx")]
transform = Transform3D(0.983374, 0.135272, 0.121159, -0.154585, 0.27344, 0.949387, 0.0952953, -0.952331, 0.289805, 1.2128, -1.11063, 0.814427)
visible = false

[node name="wall-doorway-round2" parent="World/Part1/Platform_4" instance=ExtResource("16_bqltv")]
transform = Transform3D(-0.0518354, -0.685259, 0.726454, 0.277367, 0.688932, 0.669657, -0.959366, 0.236206, 0.154357, 1.78636, -1.40798, 0.254798)

[node name="shape-cube-half2" parent="World/Part1/Platform_4" instance=ExtResource("17_gelb3")]
transform = Transform3D(0.782452, -0.0801967, 0.617527, -0.478453, 0.55729, 0.67861, -0.398563, -0.826437, 0.397682, 1.51312, -0.10204, 0.985764)

[node name="shape-cube-half3" parent="World/Part1/Platform_4" instance=ExtResource("17_gelb3")]
transform = Transform3D(0.681693, -0.280186, 0.675865, -0.30805, 0.727978, 0.612497, -0.663628, -0.625735, 0.409946, 1.77933, -2.50007, 0.545156)

[node name="crate2" parent="World/Part1/Platform_4" instance=ExtResource("21_kxs2d")]
transform = Transform3D(0.634391, 0.409117, 0.655876, -0.567116, 0.822883, 0.0352482, -0.525289, -0.394319, 0.754046, 0.875591, -2.36891, 0.230742)

[node name="platform-medium15" parent="World/Part1/Platform_4" instance=ExtResource("10_gv1mx")]
transform = Transform3D(0.995465, -0.0292576, 0.0905238, -0.0842121, 0.171701, 0.981542, -0.0442606, -0.984715, 0.168458, 1.24296, -1.28407, 0.614498)
visible = false

[node name="wall-diagonal3" parent="World/Part1/Platform_4" instance=ExtResource("11_jvyke")]
transform = Transform3D(0.137487, 0.989447, 0.0457653, 0.667168, -0.126659, 0.73406, 0.732109, -0.0703903, -0.677542, 1.60321, -2.18756, 0.30912)

[node name="vehicle-convertible4" parent="World/Part1/Platform_4" instance=ExtResource("35_7o58i")]
transform = Transform3D(0.898307, -0.148212, -0.413616, -0.428776, -0.0902539, -0.898891, 0.0958963, 0.984829, -0.144625, 0.455434, -2.10431, -0.00893426)

[node name="vehicle-convertible5" parent="World/Part1/Platform_4" instance=ExtResource("35_7o58i")]
transform = Transform3D(-0.369141, -0.156956, -0.916025, -0.921286, -0.0679473, 0.382904, -0.12234, 0.985266, -0.119519, 1.14066, -0.621787, 0.20096)

[node name="vehicle-convertible6" parent="World/Part1/Platform_4" instance=ExtResource("35_7o58i")]
transform = Transform3D(0.0493393, -0.4549, -0.889177, -0.234331, -0.870683, 0.432436, -0.970906, 0.187026, -0.149556, 0.275302, 0.982412, 0.73455)

[node name="ladder-long4" parent="World/Part1/Platform_4" instance=ExtResource("37_fhnkk")]
transform = Transform3D(0.977267, 0.157761, -0.141644, -0.169974, 0.982305, -0.0786464, 0.12673, 0.100933, 0.98679, -0.0464194, -1.61362, 0.136238)

[node name="ladder-long5" parent="World/Part1/Platform_4" instance=ExtResource("37_fhnkk")]
transform = Transform3D(0.273042, 0.951026, -0.144911, -0.961413, 0.264491, -0.0756898, -0.0336544, 0.159986, 0.986547, 0.315761, -1.79591, 0.0817583)

[node name="vehicle2" parent="World/Part1/Platform_4" instance=ExtResource("10_f8d0h")]
transform = Transform3D(0.898308, 0.435632, -0.0571843, -0.428776, 0.897599, 0.102306, 0.0958963, -0.067384, 0.99311, 2.05022, -0.636206, 0.990319)

[node name="poles6" parent="World/Part1/Platform_4" instance=ExtResource("13_bnxsl")]
transform = Transform3D(0.442235, 0.894984, 0.0586055, 0.894655, -0.435565, -0.099376, -0.0634144, 0.0963796, -0.993324, 1.07499, -2.08045, 0.227011)

[node name="poles7" parent="World/Part1/Platform_4" instance=ExtResource("13_bnxsl")]
transform = Transform3D(0.442235, 0.894984, 0.0586057, 0.894655, -0.435565, -0.0993762, -0.0634144, 0.0963795, -0.993324, 1.58101, -1.06537, 0.565277)

[node name="poles8" parent="World/Part1/Platform_4" instance=ExtResource("13_bnxsl")]
transform = Transform3D(0.442235, 0.894984, 0.0586057, 0.894655, -0.435565, -0.0993764, -0.0634144, 0.0963795, -0.993324, -0.0233787, -0.298454, 0.389843)

[node name="poles9" parent="World/Part1/Platform_4" instance=ExtResource("13_bnxsl")]
transform = Transform3D(0.442235, 0.894984, 0.0586057, 0.894654, -0.435565, -0.0993763, -0.0634144, 0.0963796, -0.993323, -0.34603, -0.333473, 2.06027)

[node name="Platform_7" parent="World/Part1" instance=ExtResource("7_tt7d5")]
transform = Transform3D(-0.261246, -0.965272, 3.72529e-09, -0.965243, 0.261238, 0.00781901, -0.00754747, 0.00204268, -0.999969, -1.3688, 2.37891, 10.7149)

[node name="platform-medium3" parent="World/Part1/Platform_7" instance=ExtResource("10_gv1mx")]
transform = Transform3D(-0.261146, 0.965272, -0.00722141, -0.964903, -0.261246, -0.0266822, -0.0276422, 1.53406e-09, 0.999618, -0.615456, 1.63378, 1.37179)
visible = false

[node name="button1" parent="World/Part1/Platform_7" node_paths=PackedStringArray("target") instance=ExtResource("30_ly8c8")]
transform = Transform3D(-0.21548, -0.965243, 0.147902, -0.778528, 0.261238, 0.570657, -0.58946, 0.00781901, -0.80776, -0.549398, 1.48799, 1.54725)
target = NodePath("../../moving_object_path_1")

[node name="vehicle-convertible" parent="World/Part1/Platform_7" instance=ExtResource("35_7o58i")]
transform = Transform3D(-0.248597, -0.965243, -0.0806583, -0.926948, 0.261238, -0.269299, 0.28101, 0.00781901, -0.959673, 0.222017, 2.10164, 2.37939)

[node name="ladder-broken2" parent="World/Part1/Platform_7" instance=ExtResource("36_0g4tj")]
transform = Transform3D(-0.259352, 0.0625481, 0.963755, -0.95372, 0.140644, -0.265779, -0.152171, -0.988083, 0.0231771, 0.0702219, 2.63667, 1.89333)

[node name="ladder-long2" parent="World/Part1/Platform_7" instance=ExtResource("37_fhnkk")]
transform = Transform3D(0.52686, -0.548501, 0.64928, -0.343889, -0.836148, -0.427314, 0.777277, 0.00185385, -0.629157, 0.548375, 2.78796, 0.341973)

[node name="platform-medium13" parent="World/Part1/Platform_7" instance=ExtResource("10_gv1mx")]
transform = Transform3D(-0.40965, -0.905523, 0.11052, -0.91113, 0.412117, -0.00056563, -0.0450361, -0.10093, -0.993874, -0.0218034, 1.47548, 1.58762)
visible = false

[node name="wheelchair2" parent="World/Part1/Platform_7" instance=ExtResource("12_exapx")]
transform = Transform3D(-0.248599, 0.126407, -0.960323, -0.926947, 0.256589, 0.273732, 0.281012, 0.95822, 0.053385, -0.863438, 0.602176, 0.107004)

[node name="poles2" parent="World/Part1/Platform_7" instance=ExtResource("13_bnxsl")]
transform = Transform3D(-0.248599, -0.070472, -0.966039, -0.926948, 0.306658, 0.216167, 0.281012, 0.949208, -0.141559, -0.455811, 1.36879, 1.54709)

[node name="shape-cube-half4" parent="World/Part1/Platform_7" instance=ExtResource("14_g3su7")]
transform = Transform3D(-0.248597, -0.965243, -0.0806583, -0.926948, 0.261238, -0.269299, 0.28101, 0.00781899, -0.959673, -0.211568, 0.658986, 2.19986)

[node name="fence-broken3" parent="World/Part1/Platform_7" instance=ExtResource("15_x385b")]
transform = Transform3D(0.267958, -0.172665, -0.947831, -0.318145, -0.94448, 0.0821116, -0.909387, 0.279548, -0.308015, -0.549911, 0.80246, 2.46109)

[node name="key2" parent="World/Part1/Platform_7" instance=ExtResource("16_pinw5")]
transform = Transform3D(-0.211445, 0.0898858, -0.973248, -0.798144, 0.558868, 0.225016, 0.564145, 0.824371, -0.0464274, -0.607825, 0.922322, 1.55766)

[node name="key3" parent="World/Part1/Platform_7" instance=ExtResource("16_pinw5")]
transform = Transform3D(-0.0669802, 0.188682, -0.979751, -0.276175, 0.940085, 0.199923, 0.958773, 0.283973, -0.0108563, -0.326809, 0.690325, 1.59914)

[node name="platform-ramp2" parent="World/Part1/Platform_7" instance=ExtResource("53_o6qqd")]
transform = Transform3D(-0.43187, -0.841005, -0.325883, -0.893757, 0.350493, 0.279916, -0.121191, 0.412148, -0.903023, -0.49537, 0.799951, 0.980997)

[node name="wheelchair3" parent="World/Part1/Platform_7" instance=ExtResource("12_exapx")]
transform = Transform3D(0.603562, -0.0432248, -0.796142, 0.752847, -0.297915, 0.586913, -0.262554, -0.953614, -0.147268, -0.0264606, 2.47883, 2.33577)

[node name="poles3" parent="World/Part1/Platform_7" instance=ExtResource("13_bnxsl")]
transform = Transform3D(0.603563, -0.203384, -0.770938, 0.752848, -0.173028, 0.635044, -0.262554, -0.96369, 0.0486844, -0.464985, 1.44748, 1.45711)

[node name="shape-cube-half5" parent="World/Part1/Platform_7" instance=ExtResource("14_g3su7")]
transform = Transform3D(0.603564, -0.793192, 0.0809847, 0.752847, 0.600399, 0.269706, -0.262552, -0.101815, 0.959531, 0.52756, 1.83482, 0.759943)

[node name="fence-broken4" parent="World/Part1/Platform_7" instance=ExtResource("15_x385b")]
transform = Transform3D(0.336132, 0.663509, -0.66841, 0.022676, 0.703799, 0.710037, 0.941543, -0.253825, 0.221526, 0.208284, 2.0085, 0.0111532)

[node name="key4" parent="World/Part1/Platform_7" instance=ExtResource("16_pinw5")]
transform = Transform3D(0.54889, -0.315282, -0.774155, 0.63246, -0.44891, 0.631247, -0.546549, -0.836109, -0.0469996, 0.0010891, 2.01908, 0.900461)

[node name="key5" parent="World/Part1/Platform_7" instance=ExtResource("16_pinw5")]
transform = Transform3D(0.259122, -0.602001, -0.755282, 0.181458, -0.737724, 0.650258, -0.948648, -0.305547, -0.0819232, 0.358724, 1.93811, 0.893034)

[node name="platform-ramp3" parent="World/Part1/Platform_7" instance=ExtResource("53_o6qqd")]
transform = Transform3D(0.510807, -0.809606, -0.289161, 0.856965, 0.5063, 0.0962752, 0.0684565, -0.296979, 0.952428, -0.0281763, 2.09658, 1.58055)

[node name="platform-ramp4" parent="World/Part1/Platform_7" instance=ExtResource("53_o6qqd")]
transform = Transform3D(0.175112, -0.354237, 0.918614, -0.974833, 0.0683703, 0.212195, -0.137973, -0.932653, -0.33335, -15.3158, 20.7323, 2.1675)

[node name="platform-ramp5" parent="World/Part1/Platform_7" instance=ExtResource("53_o6qqd")]
transform = Transform3D(-0.658799, -0.428424, 0.618415, -0.749969, 0.309064, -0.584831, 0.0594258, -0.849078, -0.524916, -14.8393, 22.4747, 2.77734)

[node name="coin" parent="World/Part1" instance=ExtResource("31_bbfjm")]
transform = Transform3D(-0.19158, 0, -0.981477, 0, 1, 0, 0.981477, 0, -0.19158, -0.654609, 2.40335, 4.93852)

[node name="moving_transportation_1" parent="World/Part1" instance=ExtResource("32_n1hvm")]
transform = Transform3D(1, 0, 0, 0, 1, 0, 0, 0, 1, 2.6319, -5.13174, 14.4677)

[node name="moving_object_path_1" parent="World/Part1" node_paths=PackedStringArray("object_to_move") instance=ExtResource("33_07e36")]
transform = Transform3D(0.807784, 0, -0.589478, 0, 1, 0, 0.589478, 0, 0.807784, 0, 0, 0)
curve = SubResource("Curve3D_tdwqj")
object_to_move = NodePath("../moving_transportation_1")
movement_speed = 3.0
is_on_from_start = false
ping_pong = true

[node name="coin2" parent="World/Part1" instance=ExtResource("31_bbfjm")]
transform = Transform3D(1, 0, 0, 0, 1, 0, 0, 0, 1, -9.36644, 0.408812, -2.19794)

[node name="checkpoint" parent="World/Part1" instance=ExtResource("34_b2vtl")]
transform = Transform3D(1, 0, 0, 0, 1, 0, 0, 0, 1, -2.68208, 3.26675, 9.19722)

[node name="platform-falling" parent="World/Part1" instance=ExtResource("35_qfuxq")]
transform = Transform3D(0.911224, 0, 0.411912, 0, 1, 0, -0.411912, 0, 0.911224, -0.043921, 3.36924, 12.8786)

[node name="coin3" parent="World/Part1" instance=ExtResource("31_bbfjm")]
transform = Transform3D(1, 0, 0, 0, 1, 0, 0, 0, 1, -0.0609118, 3.86924, 12.8695)

[node name="coin4" parent="World/Part1" instance=ExtResource("31_bbfjm")]
transform = Transform3D(1, 0, 0, 0, 1, 0, 0, 0, 1, -7.45142, 8.03809, 15.8177)

[node name="coin5" parent="World/Part1" instance=ExtResource("31_bbfjm")]
transform = Transform3D(1, 0, 0, 0, 1, 0, 0, 0, 1, -5.25448, 6.4828, 16.373)

[node name="coin6" parent="World/Part1" instance=ExtResource("31_bbfjm")]
transform = Transform3D(1, 0, 0, 0, 1, 0, 0, 0, 1, -2.02789, 3.44746, 14.7417)

[node name="StartPLatform" type="Node" parent="World/Part1"]

[node name="vehicle-convertible" parent="World/Part1/StartPLatform" instance=ExtResource("35_7o58i")]
transform = Transform3D(1, 0, 0, 0, 1, 0, 0, 0, 1, -6.48267, -2.99276, -5.34697)

[node name="ladder-broken2" parent="World/Part1/StartPLatform" instance=ExtResource("36_0g4tj")]
transform = Transform3D(0.905761, -0.42358, 0.0132893, 0, -0.0313584, -0.999508, 0.423788, 0.905316, -0.0284032, -7.07747, -2.71027, -5.01236)

[node name="ladder-long2" parent="World/Part1/StartPLatform" instance=ExtResource("37_fhnkk")]
transform = Transform3D(0.406214, 0.911943, 0.057889, -0.592307, 0.311017, -0.743263, -0.695818, 0.267636, 0.66649, -7.77252, -3.14441, -3.60287)

[node name="platform-medium13" parent="World/Part1/StartPLatform" instance=ExtResource("10_gv1mx")]
transform = Transform3D(0.933753, -0.185263, -0.306239, 0.157038, 0.980922, -0.114598, 0.321628, 0.0589152, 0.945032, -6.06414, -2.92718, -4.39884)
visible = false

[node name="wheelchair2" parent="World/Part1/StartPLatform" instance=ExtResource("12_exapx")]
transform = Transform3D(1, 1.09896e-07, -7.45058e-08, 1.62423e-06, -0.0474899, 0.998871, -1.92784e-06, -0.998872, -0.0474899, -5.46147, -2.35452, -2.67487)

[node name="poles2" parent="World/Part1/StartPLatform" instance=ExtResource("13_bnxsl")]
transform = Transform3D(1, 2.86847e-07, -1.49012e-07, 1.49012e-06, 0.155555, 0.987827, -1.69501e-06, -0.987828, 0.155555, -5.86874, -2.53645, -4.29621)

[node name="shape-cube-half4" parent="World/Part1/StartPLatform" instance=ExtResource("14_g3su7")]
transform = Transform3D(1, 0, -4.28408e-08, -4.47035e-08, 1, 7.45058e-09, -5.58794e-09, 1.49012e-08, 1, -5.08807, -2.95253, -4.75121)

[node name="fence-broken3" parent="World/Part1/StartPLatform" instance=ExtResource("15_x385b")]
transform = Transform3D(-0.0272561, 0.996964, 0.07296, -0.348866, -0.077885, 0.93393, 0.936777, -7.45058e-08, 0.349931, -5.06354, -2.58642, -5.01325)

[node name="key2" parent="World/Part1/StartPLatform" instance=ExtResource("16_pinw5")]
transform = Transform3D(0.950933, -0.308731, 0.0203218, 1.62423e-06, 0.0656817, 0.99784, -0.3094, -0.948879, 0.0624589, -5.41413, -2.50627, -4.17386)

[node name="key3" parent="World/Part1/StartPLatform" instance=ExtResource("16_pinw5")]
transform = Transform3D(0.542075, -0.838516, 0.0551943, 1.53854e-06, 0.0656817, 0.997841, -0.840332, -0.540904, 0.0356044, -5.25728, -2.8378, -4.17386)

[node name="platform-ramp2" parent="World/Part1/StartPLatform" instance=ExtResource("53_o6qqd")]
transform = Transform3D(0.901772, 2.98023e-08, -0.432212, 0.182428, 0.906559, 0.38062, 0.391825, -0.422081, 0.81751, -5.4907, -2.65129, -3.59657)

[node name="wheelchair3" parent="World/Part1/StartPLatform" instance=ExtResource("12_exapx")]
transform = Transform3D(-0.921674, 0.0189224, -0.387503, -0.387965, -0.0435607, 0.920644, 0.000543112, 0.998872, 0.0474898, -6.7828, -2.65472, -5.38665)

[node name="poles3" parent="World/Part1/StartPLatform" instance=ExtResource("13_bnxsl")]
transform = Transform3D(-0.921675, -0.0598575, -0.383319, -0.387965, 0.143578, 0.910421, 0.000542778, 0.987828, -0.155555, -5.96468, -2.50774, -4.23031)

[node name="shape-cube-half5" parent="World/Part1/StartPLatform" instance=ExtResource("14_g3su7")]
transform = Transform3D(-0.921674, -0.387964, -0.000498643, -0.387966, 0.921674, -0.000209764, 0.000541103, -1.11759e-07, -1, -6.89391, -3.35032, -3.31011)

[node name="fence-broken4" parent="World/Part1/StartPLatform" instance=ExtResource("15_x385b")]
transform = Transform3D(0.160002, -0.888659, -0.429751, -0.311163, -0.458573, 0.832399, -0.936791, 0.000539528, -0.349892, -7.05842, -3.02235, -3.04805)

[node name="key4" parent="World/Part1/StartPLatform" instance=ExtResource("16_pinw5")]
transform = Transform3D(-0.876296, 0.25954, -0.405888, -0.368863, 0.180513, 0.911786, 0.309915, 0.948712, -0.0624479, -6.76682, -2.81264, -3.88763)

[node name="key5" parent="World/Part1/StartPLatform" instance=ExtResource("16_pinw5")]
transform = Transform3D(-0.499198, 0.747626, -0.438015, -0.210129, 0.385967, 0.898263, 0.840625, 0.54045, -0.0355745, -6.78275, -3.17906, -3.88755)

[node name="platform-ramp3" parent="World/Part1/StartPLatform" instance=ExtResource("53_o6qqd")]
transform = Transform3D(-0.90211, -0.351502, 0.250284, -0.268645, 0.91141, 0.311709, -0.337676, 0.213958, -0.916623, -6.64027, -2.75883, -4.55881)

[node name="platform-ramp4" parent="World/Part1/StartPLatform" instance=ExtResource("53_o6qqd")]
transform = Transform3D(0.821315, -0.237398, -0.518733, -0.424768, 0.352493, -0.833859, 0.380806, 0.905202, 0.188669, -19.9492, 16.8704, -8.90759)

[node name="platform-ramp5" parent="World/Part1/StartPLatform" instance=ExtResource("53_o6qqd")]
transform = Transform3D(0.875657, -0.41858, 0.240865, 0.440445, 0.487633, -0.753805, 0.198074, 0.766162, 0.611361, -21.5114, 16.8704, -10.0005)

[node name="StartPLatform2" type="Node" parent="World/Part1"]

[node name="Platform_2" parent="World/Part1" instance=ExtResource("29_s3qsc")]

[node name="Platform_5" type="Node" parent="World/Part1"]

[node name="platform-medium15" parent="World/Part1/Platform_5" instance=ExtResource("10_gv1mx")]
transform = Transform3D(0.98055, -0.196272, -1.546e-07, 0.194884, 0.973617, 0.118698, -0.0232971, -0.11639, 0.99293, 1.14188, 1.24731, 3.83331)
visible = false

[node name="platform-medium3" parent="World/Part1/Platform_5" instance=ExtResource("10_gv1mx")]
transform = Transform3D(0.999617, 5.71482e-18, 0.0276421, 1.19209e-07, 1, -6.98492e-09, -0.0276422, -3.9968e-15, 0.999618, 1.20402, 1.79755, 6.17224)
visible = false

[node name="wall" parent="World/Part1/Platform_5" instance=ExtResource("13_2k2jo")]
transform = Transform3D(0.0112571, -0.00599182, -0.999918, -0.995046, -0.098843, -0.0106101, -0.0987714, 0.995085, -0.00707514, 1.28699, 2.23385, 4.68205)

[node name="wall3" parent="World/Part1/Platform_5/wall" instance=ExtResource("13_2k2jo")]
transform = Transform3D(1, 0, 0, 0, 1, 0, 0, 0, 1, -0.00625753, -0.0122819, 0.988081)

[node name="wall4" parent="World/Part1/Platform_5/wall" instance=ExtResource("13_2k2jo")]
transform = Transform3D(0.957746, 0.284157, -0.0444704, -0.284772, 0.958562, -0.00802907, 0.0403461, 0.0203537, 0.998978, 0.0287242, -0.0134838, -0.829707)

[node name="wall2" parent="World/Part1/Platform_5" instance=ExtResource("13_2k2jo")]
transform = Transform3D(0.0112572, -0.00599182, -0.999918, 0.202983, 0.979175, -0.0035826, 0.979117, -0.202926, 0.0122391, 1.28699, 2.23385, 4.68205)

[node name="wall3" parent="World/Part1/Platform_5/wall2" instance=ExtResource("13_2k2jo")]
transform = Transform3D(1, 0, 0, 0, 1, 0, 0, 0, 1, -0.00625753, -0.0122819, 0.988081)
visible = false

[node name="wall4" parent="World/Part1/Platform_5/wall2" instance=ExtResource("13_2k2jo")]
transform = Transform3D(0.957746, 0.284157, -0.0444704, -0.284772, 0.958562, -0.00802907, 0.0403461, 0.0203537, 0.998978, 0.0287242, -0.0134838, -0.829707)
visible = false

[node name="ladder-broken2" parent="World/Part1/Platform_5/wall2" instance=ExtResource("36_0g4tj")]
transform = Transform3D(0.0112573, 0.00808389, 0.999905, -0.00599211, 0.999951, -0.00801675, -0.99992, -0.00590101, 0.011305, -0.0951233, 0.0159231, -1.09586)

[node name="ladder-broken4" parent="World/Part1/Platform_5/wall2" instance=ExtResource("36_0g4tj")]
transform = Transform3D(0.210337, 0.148352, 0.966308, -0.507953, 0.861115, -0.0216361, -0.835311, -0.486288, 0.25648, -0.0919805, 0.0856262, -0.191477)

[node name="ladder-broken3" parent="World/Part1/Platform_5/wall2" instance=ExtResource("36_0g4tj")]
transform = Transform3D(-0.954345, 0.156334, 0.254534, 0.197014, 0.969923, 0.142958, -0.224529, 0.186578, -0.95644, -0.121869, 0.0301598, 1.27988)

[node name="fence-broken2" parent="World/Part1/Platform_5/wall2" instance=ExtResource("15_x385b")]
transform = Transform3D(-0.0858767, 0.184266, 0.979119, -0.467421, 0.860431, -0.202927, -0.879855, -0.475087, 0.012239, -0.599741, 0.267291, 0.803311)

[node name="fence-broken4" parent="World/Part1/Platform_5/wall2" instance=ExtResource("15_x385b")]
transform = Transform3D(0.0863769, 0.184033, 0.979119, 0.360758, 0.910317, -0.202927, -0.928653, 0.370753, 0.012239, -0.508027, 0.619318, -0.697093)

[node name="fence-broken3" parent="World/Part1/Platform_5/wall2" instance=ExtResource("15_x385b")]
transform = Transform3D(0.0879572, 0.183282, 0.979119, 0.368577, 0.907179, -0.202927, -0.925428, 0.378729, 0.012239, -0.617924, 0.179578, 0.803632)

[node name="vehicle-convertible2" parent="World/Part1/Platform_5" instance=ExtResource("35_7o58i")]
transform = Transform3D(-0.938096, -0.15076, -0.311845, 0.111552, -0.983839, 0.140062, -0.327921, 0.0966049, 0.939753, 1.9768, 1.78585, 2.52351)

[node name="ladder-broken3" parent="World/Part1/Platform_5" instance=ExtResource("36_0g4tj")]
transform = Transform3D(-0.981847, 0.119768, 0.147077, 0.160396, 0.110401, 0.980859, 0.101238, 0.986645, -0.127607, 2.38784, 1.48843, 3.0603)

[node name="ladder-long3" parent="World/Part1/Platform_5" instance=ExtResource("37_fhnkk")]
transform = Transform3D(-0.074784, -0.98584, -0.150092, 0.530591, -0.166777, 0.831059, -0.844323, -0.0174877, 0.53555, 2.66577, 2.03545, 4.57086)

[node name="platform-medium14" parent="World/Part1/Platform_5" instance=ExtResource("10_gv1mx")]
transform = Transform3D(-0.999923, 0.00753793, 0.00985518, -0.00529061, -0.977484, 0.210947, 0.0112245, 0.210879, 0.977448, 1.27861, 1.90081, 3.28361)
visible = false

[node name="wheelchair4" parent="World/Part1/Platform_5" instance=ExtResource("12_exapx")]
transform = Transform3D(-0.938096, 0.318653, -0.135781, 0.11155, -0.0931818, -0.98938, -0.327922, -0.943281, 0.0518671, 0.089309, 1.64609, 4.76141)

[node name="poles4" parent="World/Part1/Platform_5" instance=ExtResource("13_bnxsl")]
transform = Transform3D(-0.938096, 0.284597, -0.197434, 0.11155, -0.291398, -0.950075, -0.327923, -0.913287, 0.241613, 1.0044, 1.55256, 3.35373)

[node name="shape-cube-half6" parent="World/Part1/Platform_5" instance=ExtResource("14_g3su7")]
transform = Transform3D(-0.938096, -0.15076, -0.311845, 0.111552, -0.983839, 0.140062, -0.327921, 0.0966049, 0.939753, 0.476674, 1.82435, 2.62995)

[node name="fence-broken5" parent="World/Part1/Platform_5" instance=ExtResource("15_x385b")]
transform = Transform3D(-0.213965, -0.923506, -0.318367, 0.471395, 0.187839, -0.861685, 0.855574, -0.334449, 0.395146, 0.480189, 1.59112, 2.41102)

[node name="key6" parent="World/Part1/Platform_5" instance=ExtResource("16_pinw5")]
transform = Transform3D(-0.795581, 0.57562, -0.188976, 0.0627412, -0.231962, -0.970699, -0.60259, -0.784127, 0.148428, 0.535224, 1.59072, 3.32255)

[node name="key7" parent="World/Part1/Platform_5" instance=ExtResource("16_pinw5")]
transform = Transform3D(-0.246466, 0.945384, -0.213315, -0.0572307, -0.233918, -0.97057, -0.967462, -0.227004, 0.111756, 0.438069, 1.93439, 3.23908)

[node name="platform-ramp6" parent="World/Part1/Platform_5" instance=ExtResource("53_o6qqd")]
transform = Transform3D(-0.99564, -0.00504944, 0.0931377, -0.0240062, -0.951025, -0.308181, 0.0901322, -0.309074, 0.946759, 0.226766, 2.22186, 3.87616)

[node name="wheelchair5" parent="World/Part1/Platform_5" instance=ExtResource("12_exapx")]
transform = Transform3D(0.922939, -0.322677, 0.209909, 0.278956, 0.184872, -0.94234, 0.265267, 0.92828, 0.260638, 2.21975, 1.41423, 2.6173)

[node name="poles5" parent="World/Part1/Platform_5" instance=ExtResource("13_bnxsl")]
transform = Transform3D(0.92294, -0.273543, 0.270844, 0.278957, -0.00957772, -0.960255, 0.265267, 0.961813, 0.067466, 1.06953, 1.52285, 3.44989)

[node name="shape-cube-half7" parent="World/Part1/Platform_5" instance=ExtResource("14_g3su7")]
transform = Transform3D(0.92294, 0.224996, 0.312344, 0.278958, -0.950057, -0.139911, 0.265265, 0.21626, -0.93961, 2.10619, 2.11577, 3.85052)

[node name="fence-broken6" parent="World/Part1/Platform_5" instance=ExtResource("15_x385b")]
transform = Transform3D(0.188947, 0.902614, 0.386767, 0.192774, 0.352106, -0.915893, -0.96288, 0.247616, -0.107474, 1.80446, 2.07272, 4.86987)

[node name="key8" parent="World/Part1/Platform_5" instance=ExtResource("16_pinw5")]
transform = Transform3D(0.781014, -0.566539, 0.262774, 0.308557, -0.0157653, -0.951075, 0.542965, 0.823884, 0.162496, 1.76111, 1.78134, 4.00551)

[node name="key9" parent="World/Part1/Platform_5" instance=ExtResource("16_pinw5")]
transform = Transform3D(0.23783, -0.92807, 0.286572, 0.268787, -0.220633, -0.93759, 0.933377, 0.300013, 0.19698, 1.83127, 2.14007, 3.97542)

[node name="platform-ramp7" parent="World/Part1/Platform_5" instance=ExtResource("53_o6qqd")]
transform = Transform3D(0.99207, 0.125616, 0.00406016, 0.116376, -0.905923, -0.407136, -0.0474641, 0.40438, -0.91336, 1.84358, 1.64851, 3.33847)

[node name="platform-ramp8" parent="World/Part1/Platform_5" instance=ExtResource("53_o6qqd")]
transform = Transform3D(-0.825186, -0.112722, 0.553499, 0.562859, -0.246494, 0.788943, 0.0475025, 0.962566, 0.266851, 12.7255, -19.7572, 5.51225)

[node name="platform-ramp9" parent="World/Part1/Platform_5" instance=ExtResource("53_o6qqd")]
transform = Transform3D(-0.94962, 0.0802289, -0.30296, -0.307903, -0.419135, 0.85412, -0.0584564, 0.904372, 0.422723, 14.5318, -20.0846, 4.99746)

[node name="ladder-long2" parent="World/Part1/Platform_5" instance=ExtResource("37_fhnkk")]
transform = Transform3D(0.0481176, 0.998842, 0, -0.998842, 0.0481176, 0, 0, 0, 1, 0.694047, 2.50336, 4.74297)

[node name="ladder-long4" parent="World/Part1/Platform_5" instance=ExtResource("37_fhnkk")]
transform = Transform3D(-0.186318, 0.982489, 0, -0.982489, -0.186318, 0, 0, 0, 1, 0.0212796, 2.97689, 4.61412)

[node name="door3" parent="World/Part1/Platform_5" instance=ExtResource("14_majc8")]
transform = Transform3D(-0.943849, 0.317006, -0.0930408, -0.306466, -0.945291, -0.111824, -0.123398, -0.0770312, 0.989364, 0.892906, 2.00855, 4.50813)
look_at_door_when_opens = true
open_door_with_coins = 1

[node name="platform-medium4" parent="World/Part1/Platform_5" instance=ExtResource("10_gv1mx")]
transform = Transform3D(-0.146804, 0.308415, 0.939856, -0.149496, -0.946154, 0.287131, 0.977805, -0.0983528, 0.185005, 0.922375, 2.40773, 5.84408)
visible = false

[node name="wall-doorway-round3" parent="World/Part1/Platform_5" instance=ExtResource("16_bqltv")]
transform = Transform3D(0.310488, 0.67242, 0.6719, -0.907888, 0.419214, -5.43892e-07, -0.281671, -0.610011, 0.740642, 0.651441, 1.71611, 6.26696)

[node name="shape-cube-half4" parent="World/Part1/Platform_5" instance=ExtResource("17_gelb3")]
transform = Transform3D(-0.746286, -0.205985, 0.632952, -0.0330714, -0.938263, -0.344339, 0.664805, -0.27791, 0.6934, 1.92759, 2.5391, 6.17436)

[node name="shape-cube-half5" parent="World/Part1/Platform_5" instance=ExtResource("17_gelb3")]
transform = Transform3D(-0.836288, -0.0184556, 0.54798, 0.0322796, -0.999358, 0.0156043, 0.547341, 0.0307361, 0.836346, -0.0741589, 2.07375, 7.18422)

[node name="crate3" parent="World/Part1/Platform_5" instance=ExtResource("21_kxs2d")]
transform = Transform3D(-0.541046, 0.840842, 0.0159482, -0.682904, -0.450329, 0.575192, 0.49083, 0.300314, 0.817863, -0.318202, 1.876, 5.37945)

[node name="platform-medium16" parent="World/Part1/Platform_5" instance=ExtResource("10_gv1mx")]
transform = Transform3D(-0.0714139, 0.206043, 0.975933, -0.285168, -0.941809, 0.177971, 0.955815, -0.265597, 0.126013, 0.756455, 2.20014, 5.8257)
visible = false

[node name="wall-diagonal4" parent="World/Part1/Platform_5" instance=ExtResource("11_jvyke")]
transform = Transform3D(0.642389, -0.112975, 0.758006, 0.701811, -0.310639, -0.641065, 0.30789, 0.943792, -0.120266, -0.131581, 1.78396, 6.10413)

[node name="vehicle-convertible7" parent="World/Part1/Platform_5" instance=ExtResource("35_7o58i")]
transform = Transform3D(-0.421783, -0.126649, -0.897808, -0.138622, 0.987562, -0.0741857, 0.896039, 0.0931657, -0.434092, -0.0500416, 1.75423, 4.91335)

[node name="vehicle-convertible8" parent="World/Part1/Platform_5" instance=ExtResource("35_7o58i")]
transform = Transform3D(-0.920475, -0.104471, 0.376579, -0.0640803, 0.990912, 0.118267, -0.38551, 0.0847303, -0.918807, 1.43175, 1.84807, 6.09425)

[node name="vehicle-convertible9" parent="World/Part1/Platform_5" instance=ExtResource("35_7o58i")]
transform = Transform3D(-0.199315, -0.8818, 0.427439, -0.962313, 0.258481, 0.0845135, -0.185008, -0.394484, -0.900089, 3.00627, 2.63287, 4.90985)

[node name="ladder-long6" parent="World/Part1/Platform_5" instance=ExtResource("37_fhnkk")]
transform = Transform3D(-0.163362, 0.979836, -0.115045, -0.118106, 0.0963485, 0.988316, 0.979473, 0.175038, 0.0999849, 0.429547, 2.03375, 4.45995)

[node name="ladder-long7" parent="World/Part1/Platform_5" instance=ExtResource("37_fhnkk")]
transform = Transform3D(-0.956498, 0.269335, -0.112118, -0.133797, -0.0634725, 0.988975, 0.259252, 0.960953, 0.0967478, 0.253377, 1.88716, 4.79884)

[node name="vehicle3" parent="World/Part1/Platform_5" instance=ExtResource("10_f8d0h")]
transform = Transform3D(-0.421784, 0.904255, 0.0665084, -0.138622, -0.136802, 0.980852, 0.89604, 0.404485, 0.183051, 1.6803, 2.39475, 6.93436)

[node name="poles10" parent="World/Part1/Platform_5" instance=ExtResource("13_bnxsl")]
transform = Transform3D(0.901246, -0.428622, -0.0635568, -0.134647, -0.137606, -0.981292, 0.411857, 0.892946, -0.181729, -0.0275706, 1.83516, 5.5714)

[node name="poles11" parent="World/Part1/Platform_5" instance=ExtResource("13_bnxsl")]
transform = Transform3D(0.901246, -0.428622, -0.0635571, -0.134647, -0.137606, -0.981293, 0.411856, 0.892946, -0.181729, 1.11724, 2.07928, 6.57585)

[node name="poles12" parent="World/Part1/Platform_5" instance=ExtResource("13_bnxsl")]
transform = Transform3D(0.901246, -0.428622, -0.0635572, -0.134647, -0.137606, -0.981293, 0.411856, 0.892946, -0.181729, 1.73511, 2.32287, 4.54013)

[node name="Platform_1" parent="World/Part1" instance=ExtResource("30_wqnlx")]

[node name="Platform_3" parent="World/Part1" instance=ExtResource("29_s3qsc")]

[node name="Part2" type="Node" parent="World"]

[node name="Falling_Challange" type="Node" parent="World/Part2"]

[node name="platform-falling11" parent="World/Part2/Falling_Challange" instance=ExtResource("35_qfuxq")]
