[gd_scene load_steps=64 format=3 uid="uid://dtgqdi6x27lh0"]

[ext_resource type="Environment" uid="uid://bqnqgflivjvue" path="res://scenes/main-environment.tres" id="1_7vbqi"]
[ext_resource type="PackedScene" uid="uid://dl2ed4gkybggf" path="res://objects/player.tscn" id="2_8wlm0"]
[ext_resource type="PackedScene" uid="uid://dclbr6h5m4kw8" path="res://models/prototyping/models/wheelchair.glb" id="3_ari4f"]
[ext_resource type="ArrayMesh" uid="uid://deu06eho4c74" path="res://vfx_meshes/dust.res" id="3_hhgy3"]
[ext_resource type="Script" path="res://scripts/view.gd" id="4_yt7cu"]
[ext_resource type="PackedScene" uid="uid://3j4trigy1pb2" path="res://models/prototyping/models/vehicle.glb" id="5_6jfdx"]
[ext_resource type="PackedScene" uid="uid://6n42nnf84i57" path="res://models/props/key.glb" id="6_1gqr7"]
[ext_resource type="PackedScene" uid="uid://b87snreold7v2" path="res://models/props/ladder-long.glb" id="7_s1amk"]
[ext_resource type="PackedScene" uid="uid://cppammvyojl7" path="res://models/props/ladder-broken.glb" id="8_ssjls"]
[ext_resource type="PackedScene" uid="uid://rjh4ifidqrfp" path="res://objects/platform_medium.tscn" id="9_v2m8a"]
[ext_resource type="PackedScene" uid="uid://g73m8k0j7lyo" path="res://objects/button.tscn" id="10_sbgul"]
[ext_resource type="PackedScene" uid="uid://bobeiftpdfg2x" path="res://models/prototyping/models/wall-diagonal.glb" id="11_g6v8h"]
[ext_resource type="PackedScene" uid="uid://dcwanjaahb4g1" path="res://models/prototyping/models/vehicle-convertible.glb" id="12_sq4h1"]
[ext_resource type="PackedScene" uid="uid://dbr3dh46cbskt" path="res://objects/wall.tscn" id="13_ire6o"]
[ext_resource type="PackedScene" uid="uid://0v6t454aaexr" path="res://objects/door.tscn" id="14_tov1i"]
[ext_resource type="PackedScene" uid="uid://bca4l5fdc13un" path="res://models/props/fence-broken.glb" id="15_5ef72"]
[ext_resource type="PackedScene" uid="uid://ctm7k8us6em8" path="res://models/prototyping/models/wall-doorway-round.glb" id="16_vfrdl"]
[ext_resource type="PackedScene" uid="uid://c0n2315wnksre" path="res://models/prototyping/models/shape-cube-half.glb" id="17_hccgn"]
[ext_resource type="PackedScene" uid="uid://bu4p7wr0rgukn" path="res://models/prototyping/models/pipe-split.glb" id="18_5c02j"]
[ext_resource type="PackedScene" uid="uid://dlj32wfhv5wlb" path="res://models/prototyping/models/pipe-corner.glb" id="19_ptnr2"]
[ext_resource type="PackedScene" uid="uid://ctkox8m40l316" path="res://models/prototyping/models/ladder-color.glb" id="20_ugr1l"]
[ext_resource type="PackedScene" uid="uid://cjohjf4elt53r" path="res://models/prototyping/models/crate.glb" id="21_6sty6"]
[ext_resource type="PackedScene" uid="uid://3yuxff1xl0x2" path="res://models/props/platform-ramp.glb" id="22_suoht"]
[ext_resource type="PackedScene" uid="uid://kxlanit681hg" path="res://models/props/platform.glb" id="23_sy56x"]
[ext_resource type="PackedScene" uid="uid://ctfjj2573fbex" path="res://models/props/plant.glb" id="24_12ola"]
[ext_resource type="PackedScene" uid="uid://bw7nsi1v8g30s" path="res://models/props/poles.glb" id="25_qxpq6"]
[ext_resource type="PackedScene" uid="uid://ca3x0hnr25xhm" path="res://models/props/fence-straight.glb" id="26_s2012"]
[ext_resource type="PackedScene" uid="uid://deenxvd7c27m2" path="res://models/props/flag.glb" id="27_5byej"]
[ext_resource type="PackedScene" uid="uid://ceddkgj3jcf3o" path="res://models/prototyping/models/column-rounded.glb" id="28_dj1nr"]
[ext_resource type="PackedScene" uid="uid://cqdmicia4gklj" path="res://models/props/platform-fortified.glb" id="29_8v5sb"]
[ext_resource type="PackedScene" uid="uid://bpharv43ulngb" path="res://objects/platform_moving.tscn" id="31_lhdxx"]
[ext_resource type="PackedScene" uid="uid://bs65o07otxbmm" path="res://objects/moving_object_path_3d.tscn" id="32_q12rk"]
[ext_resource type="PackedScene" uid="uid://cyvet7kb6y80r" path="res://objects/checkpoint.tscn" id="33_47e62"]
[ext_resource type="PackedScene" uid="uid://dy017k58p20sk" path="res://objects/cloud.tscn" id="34_70s3x"]
[ext_resource type="PackedScene" uid="uid://bdm3quh21j64k" path="res://objects/platform_large.tscn" id="34_jjnim"]
[ext_resource type="PackedScene" uid="uid://cdjoifc1x2fii" path="res://objects/cloud_platform_falling.tscn" id="36_kcn85"]
[ext_resource type="PackedScene" uid="uid://dfpisimsgf5ce" path="res://objects/coin.tscn" id="37_l7xkn"]
[ext_resource type="PackedScene" uid="uid://d01wbr0fv34ia" path="res://objects/moving_transportation.tscn" id="38_3jsky"]
[ext_resource type="PackedScene" uid="uid://cxea8lmw7cy1l" path="res://objects/player_kill_volume.tscn" id="39_6ynsa"]
[ext_resource type="Script" path="res://scripts/hud.gd" id="40_uoafj"]
[ext_resource type="Texture2D" uid="uid://cd7oyc56ehkx1" path="res://sprites/coin.png" id="41_ades3"]
[ext_resource type="PackedScene" uid="uid://damv1e2jg8kkn" path="res://objects/platform_moving_large.tscn" id="42_khb7q"]
[ext_resource type="PackedScene" uid="uid://dhxok27jxvik8" path="res://objects/flag.tscn" id="42_s8dov"]
[ext_resource type="LabelSettings" uid="uid://daohhjonjrdx8" path="res://themes/label_settings.tres" id="42_wbgya"]
[ext_resource type="PackedScene" uid="uid://bfdp1fm1p8gar" path="res://objects/shark.tscn" id="43_6mkpw"]
[ext_resource type="FontFile" uid="uid://d0cxd77jybrcn" path="res://fonts/lilita_one_regular.ttf" id="43_cbqrr"]
[ext_resource type="PackedScene" uid="uid://b8qcgoowovf04" path="res://objects/shark_spike_block_wide.tscn" id="44_0sx6v"]
[ext_resource type="Theme" uid="uid://d3avl0mr4r87l" path="res://themes/default_theme.tres" id="44_hfd6g"]
[ext_resource type="Texture2D" uid="uid://dm50aa4qogm65" path="res://sprites/button_rectangle_depth_gloss.png" id="45_l0g1d"]
[ext_resource type="PackedScene" uid="uid://da0jdvukdasu8" path="res://objects/Boat.tscn" id="45_xelpf"]
[ext_resource type="PackedScene" uid="uid://b36jf5an84wmy" path="res://objects/ladder_long_SW.tscn" id="46_siyji"]
[ext_resource type="PackedScene" uid="uid://cw157h7sstjad" path="res://objects/cloud_black_fading.tscn" id="48_8r06a"]
[ext_resource type="PackedScene" uid="uid://bch4dympxjk2n" path="res://objects/platform_ramp_2.tscn" id="51_o07ku"]

[sub_resource type="CameraAttributesPractical" id="CameraAttributesPractical_u8ojw"]
exposure_multiplier = 1.658
auto_exposure_enabled = true
auto_exposure_scale = 0.75
dof_blur_far_enabled = true
dof_blur_far_distance = 0.01
dof_blur_amount = 0.01

[sub_resource type="StandardMaterial3D" id="StandardMaterial3D_q7stj"]
diffuse_mode = 2
specular_mode = 2
metallic_specular = 0.0
backlight = Color(0, 0.521569, 0.709804, 1)
billboard_keep_scale = true
grow_amount = 1.882
proximity_fade_distance = 0.25

[sub_resource type="Curve" id="Curve_xh1e2"]
_data = [Vector2(0, 0), 0.0, 0.0, 0, 0, Vector2(0.249284, 1), 0.0, 0.0, 0, 0, Vector2(1, 0), 0.0, 0.0, 0, 0]
point_count = 3

[sub_resource type="Curve3D" id="Curve3D_tdwqj"]
_data = {
"points": PackedVector3Array(0, 0, 0, 0, 0, 0, 9.68051, -1.614, 10.3681, 0, 0, 0, 0, 0, 0, 2.82184, 7.74252, 17.6029),
"tilts": PackedFloat32Array(0, 0)
}
point_count = 2

[sub_resource type="Curve3D" id="Curve3D_76kk6"]
_data = {
"points": PackedVector3Array(0, 0, 0, 0, 0, 0, -11.096, 20.9365, -8.31126, 0, 0, 0, 0, 0, 0, -3.11514, 21.2961, 1.3958),
"tilts": PackedFloat32Array(0, 0)
}
point_count = 2

[sub_resource type="Curve3D" id="Curve3D_gc2d6"]
_data = {
"points": PackedVector3Array(0, 0, 0, 0, 0, 0, -9.20363, 17.6393, -10.9516, 0, 0, 0, 0, 0, 0, -9.09766, 9.5558, 15.2902, 0, 0, 0, 0, 0, 0, 8.95115, 0.451226, 18.4727, 0, 0, 0, 0, 0, 0, 6.16405, -5.56045, 12.2787, 0, 0, 0, 0, 0, 0, -7.19958, -5.02431, 8.01946, 0, 0, 0, 0, 0, 0, -9.47529, -5.00824, 6.45214, 0, 0, 0, 0, 0, 0, -7.02031, -4.77871, 9.81185, 0, 0, 0, 0, 0, 0, -8.36789, -4.96629, 7.67811),
"tilts": PackedFloat32Array(0, 0, 0, 0, 0, 0, 0, 0)
}
point_count = 8

[sub_resource type="Curve3D" id="Curve3D_gr263"]
_data = {
"points": PackedVector3Array(0, 0, 0, 0, 0, 0, -5.59113, 20.4261, -23.3253, 0, 0, 0, 0, 0, 0, -13.1369, 18.1625, -7.70928, 0, 0, 0, 0, 0, 0, -18.6589, 16.8674, -17.4556, 0, 0, 0, 0, 0, 0, -29.12, 18.7199, -4.92663, 0, 0, 0, 0, 0, 0, -26.8199, 18.6545, -2.66113),
"tilts": PackedFloat32Array(0, 0, 0, 0, 0)
}
point_count = 5

[sub_resource type="LabelSettings" id="LabelSettings_ri8jt"]
font = ExtResource("43_cbqrr")
font_size = 128
shadow_color = Color(0, 0, 0, 0.376471)
shadow_offset = Vector2(2, 2)

[sub_resource type="LabelSettings" id="LabelSettings_x4d2s"]
font = ExtResource("43_cbqrr")
font_size = 32
shadow_color = Color(0, 0, 0, 0.376471)
shadow_offset = Vector2(2, 2)

[sub_resource type="LabelSettings" id="LabelSettings_v6r7m"]
font = ExtResource("43_cbqrr")
font_size = 42
shadow_color = Color(0, 0, 0, 0.376471)
shadow_offset = Vector2(2, 2)

[node name="Main" type="Node3D"]

[node name="Environment" type="WorldEnvironment" parent="."]
unique_name_in_owner = true
environment = ExtResource("1_7vbqi")
camera_attributes = SubResource("CameraAttributesPractical_u8ojw")

[node name="Player" parent="." node_paths=PackedStringArray("view") instance=ExtResource("2_8wlm0")]
transform = Transform3D(0.999344, 0.0362251, 0, -0.0362251, 0.999344, 0, 0, 0, 1, -21.8574, 15.9868, -8.08587)
view = NodePath("../View")

[node name="ParticlesTrail" parent="Player" index="3"]
transform = Transform3D(1, 0, 0, 0, 1, 0, 0, 0, 1, -0.104643, 0.20765, 0.246077)

[node name="ParticlesTrail3" type="CPUParticles3D" parent="Player"]
transform = Transform3D(1, 0, 0, 0, 1, 0, 0, 0, 1, 0.0576758, 0.651634, -0.379401)
material_override = SubResource("StandardMaterial3D_q7stj")
cast_shadow = 0
amount = 60
mesh = ExtResource("3_hhgy3")
emission_shape = 1
emission_sphere_radius = 0.2
particle_flag_align_y = true
direction = Vector3(0, 0, 0)
gravity = Vector3(0, 0.1, 0)
scale_amount_min = 0.75
scale_amount_curve = SubResource("Curve_xh1e2")

[node name="View" type="Node3D" parent="." node_paths=PackedStringArray("target") groups=["View"]]
process_mode = 3
transform = Transform3D(-0.978148, 0.0878672, -0.188432, 0, 0.906308, 0.422618, 0.207912, 0.413383, -0.886502, 0, 0, 0)
script = ExtResource("4_yt7cu")
target = NodePath("../Player")

[node name="Camera" type="Camera3D" parent="View"]
transform = Transform3D(1, -1.63913e-07, 4.47035e-08, -1.49012e-08, 1, -1.49012e-07, -2.98023e-08, -5.96046e-08, 1, -0.669745, -1.33163, 12.8557)
current = true
fov = 40.0

[node name="World" type="Node3D" parent="."]

[node name="Part1" type="Node" parent="World"]

[node name="Platform_2" parent="World/Part1" instance=ExtResource("5_6jfdx")]
transform = Transform3D(0.399153, -0.735422, 0.547568, 0.240455, 0.660264, 0.7115, -0.884793, -0.152332, 0.440382, -2.47482, -0.948905, -2.52224)

[node name="key2" parent="World/Part1/Platform_2" instance=ExtResource("6_1gqr7")]
transform = Transform3D(0.968722, 0.248149, -1.19209e-07, -0.209538, 0.817991, -0.535709, -0.132936, 0.518953, 0.844403, -0.730796, 1.7755, -1.58393)

[node name="ladder-long2" parent="World/Part1/Platform_2" instance=ExtResource("7_s1amk")]
transform = Transform3D(0.466247, -0.806254, 0.364099, 0.0741683, 0.445748, 0.89208, -0.88154, -0.388925, 0.267627, 0.314608, 1.00113, -0.820589)

[node name="wheelchair2" parent="World/Part1/Platform_2" instance=ExtResource("3_ari4f")]
transform = Transform3D(0.968721, 0.127438, 0.212926, -0.209538, 0.879752, 0.426765, -0.132935, -0.458033, 0.878939, 0.559171, 0.501718, -0.60307)

[node name="ladder-broken2" parent="World/Part1/Platform_2" instance=ExtResource("8_ssjls")]
transform = Transform3D(0.968722, -0.0388617, 0.245087, -0.209538, 0.400996, 0.891794, -0.132936, -0.915255, 0.380311, -1.04088, 0.849705, 0.401352)

[node name="vehicle2" parent="World/Part1/Platform_2" instance=ExtResource("5_6jfdx")]
transform = Transform3D(0.00154811, 0.114292, 0.993446, 0.772284, 0.630977, -0.0737949, -0.635276, 0.767337, -0.0872893, -1.22321, -0.15212, 0.111226)

[node name="vehicle3" parent="World/Part1/Platform_2" instance=ExtResource("5_6jfdx")]
transform = Transform3D(-0.139153, 0.269827, 0.9528, 0.416081, 0.88904, -0.191004, -0.898617, 0.369864, -0.235983, -0.575798, -0.121089, 0.681462)

[node name="vehicle4" parent="World/Part1/Platform_2" instance=ExtResource("5_6jfdx")]
transform = Transform3D(-0.750532, -0.653787, -0.0962518, -0.401341, 0.335241, 0.852372, -0.525004, 0.678363, -0.514, -0.926277, -1.08347, -0.355597)

[node name="key3" parent="World/Part1/Platform_2" instance=ExtResource("6_1gqr7")]
transform = Transform3D(-0.154513, 0.609426, 0.777641, 0.625725, 0.669479, -0.400332, -0.764587, 0.424733, -0.484777, -1.32015, 1.2147, -0.0667534)

[node name="ladder-long3" parent="World/Part1/Platform_2" instance=ExtResource("7_s1amk")]
transform = Transform3D(0.673524, -0.61393, 0.411648, 0.288808, -0.294066, -0.911106, 0.680408, 0.73254, -0.0207524, -1.21755, 1.67456, -1.31576)

[node name="wheelchair3" parent="World/Part1/Platform_2" instance=ExtResource("3_ari4f")]
transform = Transform3D(-0.154513, -0.354285, 0.922284, 0.625725, 0.687323, 0.368857, -0.764587, 0.63409, 0.115485, -0.676993, 1.26157, -0.69584)

[node name="ladder-broken3" parent="World/Part1/Platform_2" instance=ExtResource("8_ssjls")]
transform = Transform3D(-0.787077, -0.444626, 0.427571, 0.531342, -0.136579, 0.836075, -0.313343, 0.885242, 0.343747, 0.795047, 0.358272, -0.61246)

[node name="ladder-broken4" parent="World/Part1/Platform_2" instance=ExtResource("8_ssjls")]
transform = Transform3D(0.746583, -0.627608, 0.220727, 0.28857, 0.604428, 0.742557, -0.599449, -0.490686, 0.632365, -1.7403, 0.210801, 1.07771)

[node name="platform-medium" parent="World/Part1/Platform_2" instance=ExtResource("9_v2m8a")]
transform = Transform3D(0.782518, 0.248149, -0.57104, -0.48505, 0.817991, -0.309219, 0.390374, 0.518953, 0.760458, -0.866128, 0.453084, -0.268518)
visible = false

[node name="Platform_3" parent="World/Part1" instance=ExtResource("6_1gqr7")]
transform = Transform3D(0.938717, -0.194334, 0.284685, 0.19094, 0.98079, 0.0399109, -0.286972, 0.0168926, 0.95779, -10.0209, 0.123423, -4.21532)

[node name="vehicle" parent="World/Part1/Platform_3" instance=ExtResource("5_6jfdx")]
transform = Transform3D(0.968722, -0.209538, -0.132936, 0.248149, 0.817991, 0.518953, -2.98023e-08, -0.535709, 0.844403, 0.869412, -0.449013, 2.28863)

[node name="ladder-long2" parent="World/Part1/Platform_3" instance=ExtResource("7_s1amk")]
transform = Transform3D(0.35372, -0.935351, 3.72529e-08, -0.251314, -0.095039, 0.963228, -0.900957, -0.340713, -0.268684, 1.06989, 0.0193315, 1.07037)

[node name="ladder-long4" parent="World/Part1/Platform_3" instance=ExtResource("7_s1amk")]
transform = Transform3D(-0.917276, -0.353792, -0.182852, 0.106389, -0.660137, 0.743572, -0.383777, 0.662607, 0.643168, 0.553597, -0.558368, 3.23542)

[node name="wheelchair2" parent="World/Part1/Platform_3" instance=ExtResource("3_ari4f")]
transform = Transform3D(1, 2.98023e-08, 0, 4.65661e-10, 0.513556, 0.858056, -2.98023e-08, -0.858056, 0.513556, 0.450483, -0.0534738, 0.885707)

[node name="ladder-broken2" parent="World/Part1/Platform_3" instance=ExtResource("8_ssjls")]
transform = Transform3D(1, -5.96046e-08, -3.72529e-09, 4.65661e-10, -0.156607, 0.987661, -2.98023e-08, -0.987661, -0.156607, -0.370311, 0.196027, 2.17233)

[node name="vehicle2" parent="World/Part1/Platform_3" instance=ExtResource("5_6jfdx")]
transform = Transform3D(-0.0758723, -0.123502, 0.989439, 0.302428, 0.942707, 0.14086, -0.950148, 0.309922, -0.0341747, -0.230827, -0.471921, 2.47817)

[node name="key3" parent="World/Part1/Platform_3" instance=ExtResource("6_1gqr7")]
transform = Transform3D(-0.39353, -0.578098, 0.714797, 0.726819, 0.280447, 0.626963, -0.562909, 0.766258, 0.309809, -0.908883, 0.161904, 1.6253)

[node name="key4" parent="World/Part1/Platform_3" instance=ExtResource("6_1gqr7")]
transform = Transform3D(0.411533, -0.91108, 0.0239504, -0.446339, -0.178559, 0.876868, -0.79462, -0.37155, -0.480134, -0.0348454, 0.295742, 1.48969)

[node name="key5" parent="World/Part1/Platform_3" instance=ExtResource("6_1gqr7")]
transform = Transform3D(-0.0464892, 0.986654, 0.156048, 0.359468, 0.162276, -0.918939, -0.931998, 0.0133737, -0.362215, -0.865082, 0.422749, 2.34054)

[node name="key6" parent="World/Part1/Platform_3" instance=ExtResource("6_1gqr7")]
transform = Transform3D(-0.179152, 0.393621, 0.901646, 0.0767108, 0.919272, -0.386074, -0.980826, 1.49012e-08, -0.194885, -1.17244, 0.220982, 1.48801)

[node name="key7" parent="World/Part1/Platform_3" instance=ExtResource("6_1gqr7")]
transform = Transform3D(-0.334172, 0.508516, 0.793561, -0.449132, 0.654305, -0.608412, -0.828619, -0.559728, 0.00974008, -0.449019, 0.398257, 0.9519)

[node name="ladder-long3" parent="World/Part1/Platform_3" instance=ExtResource("7_s1amk")]
transform = Transform3D(0.453969, -0.631875, 0.628208, 0.886977, 0.253413, -0.386074, 0.0847543, 0.732472, 0.675501, -0.409009, -0.0801399, 0.303875)

[node name="wheelchair3" parent="World/Part1/Platform_3" instance=ExtResource("3_ari4f")]
transform = Transform3D(-0.179152, -0.571517, 0.800795, 0.0767108, 0.803371, 0.590517, -0.980826, 0.167222, -0.100084, 0.041749, 0.0538399, 1.02522)

[node name="ladder-broken3" parent="World/Part1/Platform_3" instance=ExtResource("8_ssjls")]
transform = Transform3D(-0.832141, -0.51978, 0.193312, 0.0767108, 0.237346, 0.968392, -0.549233, 0.820667, -0.157632, 1.64594, -0.276498, 1.57953)

[node name="platform-medium14" parent="World/Part1/Platform_3" instance=ExtResource("9_v2m8a")]
transform = Transform3D(0.807784, 7.45058e-09, -0.589478, 7.45058e-09, 1, -1.86265e-09, 0.589478, 3.72529e-09, 0.807784, -0.0288668, -0.367191, 1.83587)
visible = false

[node name="wall-diagonal2" parent="World/Part1/Platform_3" instance=ExtResource("11_g6v8h")]
transform = Transform3D(-0.00485608, 0.982976, -0.183671, -0.90599, 0.0734193, 0.416883, 0.423271, 0.168428, 0.89021, 0.246375, -0.0812708, 1.7218)

[node name="Start_platform" parent="World/Part1" instance=ExtResource("8_ssjls")]
transform = Transform3D(0.934792, -0.270299, -0.230437, 0.194406, -0.153619, 0.968818, -0.29727, -0.950442, -0.0910542, -6.38569, -2.44109, -3.94351)

[node name="vehicle" parent="World/Part1/Start_platform" instance=ExtResource("5_6jfdx")]
transform = Transform3D(0.968722, -0.209538, -0.132936, -0.0388618, 0.400996, -0.915255, 0.245087, 0.891794, 0.38031, 1.23972, -0.0138397, -0.655294)

[node name="key2" parent="World/Part1/Start_platform" instance=ExtResource("6_1gqr7")]
transform = Transform3D(1, -4.09782e-08, 2.98023e-08, 0, -0.156607, -0.987661, 0, 0.987661, -0.156607, 0.370312, 2.17623, 0.146594)

[node name="ladder-long2" parent="World/Part1/Start_platform" instance=ExtResource("7_s1amk")]
transform = Transform3D(0.35372, -0.935351, -3.72529e-09, 0.929198, 0.351392, 0.114521, -0.107117, -0.0405084, 0.993421, 1.4402, 1.11604, -0.00194067)

[node name="wheelchair2" parent="World/Part1/Start_platform" instance=ExtResource("3_ari4f")]
transform = Transform3D(1, 2.98023e-08, -7.45058e-08, 0, 0.767042, -0.641597, 0, 0.641597, 0.767042, 0.820795, 1.30982, -0.0449278)

[node name="vehicle2" parent="World/Part1/Start_platform" instance=ExtResource("5_6jfdx")]
transform = Transform3D(-0.0758723, -0.123502, 0.98944, 0.891062, -0.453732, 0.0116934, 0.447496, 0.882539, 0.144474, 0.0718632, -0.129103, -1.04845)

[node name="key3" parent="World/Part1/Start_platform" instance=ExtResource("6_1gqr7")]
transform = Transform3D(-0.179152, 0.393621, 0.901647, 0.95671, -0.143964, 0.252942, 0.229368, 0.90793, -0.35079, -0.284781, 0.492514, 0.295134)

[node name="ladder-long3" parent="World/Part1/Start_platform" instance=ExtResource("7_s1amk")]
transform = Transform3D(0.453969, -0.631875, 0.628208, -0.222615, -0.76312, -0.606704, 0.86276, 0.135576, -0.487098, -0.115719, 1.90923, 0.0392607)

[node name="wheelchair3" parent="World/Part1/Start_platform" instance=ExtResource("3_ari4f")]
transform = Transform3D(-0.179152, -0.571517, 0.800795, 0.95671, -0.290972, 0.00637048, 0.229368, 0.76727, 0.598905, 0.412061, 1.15523, 0.0392128)

[node name="ladder-broken3" parent="World/Part1/Start_platform" instance=ExtResource("8_ssjls")]
transform = Transform3D(-0.832141, -0.51978, 0.193312, 0.530442, -0.847711, 0.0040305, 0.161778, 0.105895, 0.981129, 2.01625, 0.659487, -0.373858)

[node name="platform-medium13" parent="World/Part1/Start_platform" instance=ExtResource("9_v2m8a")]
transform = Transform3D(0.807784, -4.09782e-08, -0.589478, -0.582205, -0.156607, -0.797817, -0.0923163, 0.987661, -0.126504, 0.341444, 0.420521, -0.503575)
visible = false

[node name="vehicle-convertible" parent="World/Part1/Start_platform" instance=ExtResource("12_sq4h1")]
transform = Transform3D(0.949328, 0.0100117, -0.314127, -0.306327, -0.194039, -0.93194, -0.0702832, 0.980943, -0.18114, -0.441438, 0.00219393, -0.461078)

[node name="Platform_4" parent="World/Part1" instance=ExtResource("13_ire6o")]
transform = Transform3D(0.684772, -0.686451, -0.244686, -0.0578972, 0.283452, -0.957236, 0.726452, 0.669657, 0.154357, -1.97424, 1.46106, 0.281978)

[node name="door2" parent="World/Part1/Platform_4" instance=ExtResource("14_tov1i")]
transform = Transform3D(-0.0567597, 0.155857, 0.986148, -0.95424, 0.282005, -0.0994924, -0.293605, -0.94667, 0.132718, 0.011605, -1.15163, 0.107006)
look_at_door_when_opens = true
open_door_with_coins = 1

[node name="vehicle3" parent="World/Part1/Platform_4" instance=ExtResource("5_6jfdx")]
transform = Transform3D(0.742906, -0.231856, 0.627961, -0.519746, 0.391391, 0.759393, -0.421848, -0.890538, 0.170261, 2.76827, -1.96024, 1.01699)

[node name="key4" parent="World/Part1/Platform_4" instance=ExtResource("6_1gqr7")]
transform = Transform3D(0.684774, 0.320578, 0.65446, -0.686451, 0.585269, 0.431562, -0.244686, -0.744776, 0.620837, 0.819045, -2.08832, -0.525556)

[node name="ladder-long4" parent="World/Part1/Platform_4" instance=ExtResource("7_s1amk")]
transform = Transform3D(-0.427988, -0.893954, 0.132946, -0.778716, 0.439411, 0.447794, -0.458725, 0.0881229, -0.884199, 2.66333, -2.09682, 0.0473355)

[node name="wheelchair4" parent="World/Part1/Platform_4" instance=ExtResource("3_ari4f")]
transform = Transform3D(0.684774, -0.396928, 0.611175, -0.686451, -0.0697355, 0.723825, -0.244686, -0.915197, -0.320225, 1.69004, -2.04662, -0.0460762)

[node name="vehicle4" parent="World/Part1/Platform_4" instance=ExtResource("5_6jfdx")]
transform = Transform3D(-0.576837, 0.420471, 0.700333, -0.180963, 0.770266, -0.611509, -0.796564, -0.479475, -0.368228, 1.96465, -1.29956, 1.68741)

[node name="key5" parent="World/Part1/Platform_4" instance=ExtResource("6_1gqr7")]
transform = Transform3D(-0.739998, 0.56424, 0.366113, -0.255411, 0.267821, -0.928998, -0.62223, -0.780966, -0.0540736, 1.57512, -0.690825, 0.347062)

[node name="ladder-long5" parent="World/Part1/Platform_4" instance=ExtResource("7_s1amk")]
transform = Transform3D(0.650679, 0.12792, 0.748502, 0.24407, 0.898173, -0.365671, -0.719061, 0.420621, 0.553201, 2.08974, -0.343314, 0.121415)

[node name="platform-medium2" parent="World/Part1/Platform_4" instance=ExtResource("9_v2m8a")]
transform = Transform3D(0.983374, 0.135272, 0.121159, -0.154585, 0.27344, 0.949387, 0.0952953, -0.952331, 0.289805, 1.2128, -1.11063, 0.814427)
visible = false

[node name="ladder-long2" parent="World/Part1/Platform_4" instance=ExtResource("7_s1amk")]
transform = Transform3D(0.0351302, -0.34612, 0.937534, -0.999383, -0.010877, 0.0334312, -0.00137445, -0.938129, -0.346288, 0.0692101, 0.363019, 0.852863)

[node name="fence-broken2" parent="World/Part1/Platform_4" instance=ExtResource("15_5ef72")]
transform = Transform3D(0.370133, -0.0280603, -0.928556, 0.741155, 0.611545, 0.276952, 0.560082, -0.790713, 0.24715, 0.0797918, 1.05914, 0.262341)

[node name="wall-doorway-round2" parent="World/Part1/Platform_4" instance=ExtResource("16_vfrdl")]
transform = Transform3D(-0.0518354, -0.685259, 0.726454, 0.277367, 0.688932, 0.669657, -0.959366, 0.236206, 0.154357, 1.64126, -1.26252, 0.306647)

[node name="shape-cube-half2" parent="World/Part1/Platform_4" instance=ExtResource("17_hccgn")]
transform = Transform3D(0.782452, -0.0801966, 0.617527, -0.478453, 0.55729, 0.67861, -0.398563, -0.826437, 0.397682, 0.914937, 0.0999287, 1.08175)

[node name="shape-cube-half3" parent="World/Part1/Platform_4" instance=ExtResource("17_hccgn")]
transform = Transform3D(0.681693, -0.280186, 0.675865, -0.30805, 0.727978, 0.612497, -0.663628, -0.625735, 0.409946, 1.7635, -2.42258, 0.283469)

[node name="pipe-split2" parent="World/Part1/Platform_4" instance=ExtResource("18_5c02j")]
transform = Transform3D(-0.0167161, -0.687013, 0.726454, 0.241764, 0.702218, 0.669657, -0.970192, 0.186825, 0.154357, 2.48487, -1.31441, 0.366384)

[node name="pipe-corner2" parent="World/Part1/Platform_4" instance=ExtResource("19_ptnr2")]
transform = Transform3D(0.0266466, -0.6867, 0.726454, 0.196995, 0.716068, 0.669657, -0.980043, 0.125263, 0.154357, 0.70682, -1.65707, 0.0972555)

[node name="ladder-color2" parent="World/Part1/Platform_4" instance=ExtResource("20_ugr1l")]
transform = Transform3D(0.00105765, -0.687216, 0.726454, 0.223522, 0.708236, 0.669657, -0.974699, 0.16167, 0.154357, 0.919266, -1.42331, 0.204168)

[node name="crate2" parent="World/Part1/Platform_4" instance=ExtResource("21_6sty6")]
transform = Transform3D(0.634391, 0.409117, 0.655876, -0.567116, 0.822883, 0.0352481, -0.525289, -0.394319, 0.754046, 0.867207, -2.32786, 0.0921292)

[node name="vehicle5" parent="World/Part1/Platform_4" instance=ExtResource("5_6jfdx")]
transform = Transform3D(0.968722, -0.209538, -0.132936, -0.0388618, 0.400996, -0.915256, 0.245087, 0.891794, 0.380311, 2.91054, 0.955531, 1.3011)

[node name="key6" parent="World/Part1/Platform_4" instance=ExtResource("6_1gqr7")]
transform = Transform3D(1, -4.09782e-08, 2.98023e-08, 0, -0.156607, -0.987661, 0, 0.987661, -0.156607, 0.370312, 2.17623, 0.146594)

[node name="ladder-long6" parent="World/Part1/Platform_4" instance=ExtResource("7_s1amk")]
transform = Transform3D(0.35372, -0.935351, -3.72529e-09, 0.929198, 0.351392, 0.114521, -0.107117, -0.0405084, 0.993421, 1.4402, 1.11604, -0.00194067)

[node name="wheelchair5" parent="World/Part1/Platform_4" instance=ExtResource("3_ari4f")]
transform = Transform3D(1, 2.98023e-08, -7.45058e-08, 0, 0.767042, -0.641597, 0, 0.641597, 0.767042, 0.820795, 1.30982, -0.0449278)

[node name="vehicle6" parent="World/Part1/Platform_4" instance=ExtResource("5_6jfdx")]
transform = Transform3D(-0.713154, -0.664973, 0.221867, 0.172675, -0.47338, -0.863769, 0.67941, -0.577689, 0.452416, 0.73778, -2.13253, 1.08729)

[node name="ladder-long7" parent="World/Part1/Platform_4" instance=ExtResource("7_s1amk")]
transform = Transform3D(0.453969, -0.631876, 0.628209, -0.222615, -0.76312, -0.606704, 0.86276, 0.135576, -0.487098, 2.08206, 0.938465, 0.861623)

[node name="Platform_5" parent="World/Part1" instance=ExtResource("7_s1amk")]
transform = Transform3D(0.260184, -0.965559, 0, 0.965559, 0.260184, 0, 1.86265e-09, 9.31323e-09, 1, 1.78896, 1.47378, 4.3447)

[node name="platform-ramp2" parent="World/Part1/Platform_5" instance=ExtResource("22_suoht")]
transform = Transform3D(0.260184, 0.965559, 0, -0.965559, 0.260184, 0, 8.50784e-09, -4.22165e-09, 1, -0.261443, 0.458523, -1.40964)

[node name="platform2" parent="World/Part1/Platform_5" instance=ExtResource("23_sy56x")]
transform = Transform3D(0.0254457, 0.992709, 0.117823, -0.999257, 0.0218454, 0.0317491, 0.0289437, -0.118543, 0.992527, -0.378932, 1.88527, -0.0717154)

[node name="platform3" parent="World/Part1/Platform_5" instance=ExtResource("23_sy56x")]
transform = Transform3D(-0.142764, 0.920526, 0.363663, -0.375022, 0.28972, -0.88058, -0.915957, -0.262097, 0.303856, -0.289693, 1.55408, -1.44449)

[node name="plant2" parent="World/Part1/Platform_5" instance=ExtResource("24_12ola")]
transform = Transform3D(0.260184, 0.63865, 0.724176, -0.965559, 0.172094, 0.19514, 8.50784e-09, -0.750007, 0.66143, -0.715043, 1.76975, -1.80823)

[node name="poles2" parent="World/Part1/Platform_5" instance=ExtResource("25_qxpq6")]
transform = Transform3D(0.383989, -0.0787563, 0.919973, -0.923337, -0.0327524, 0.38259, 7.88402e-09, -0.996356, -0.0852952, 0.0320873, 0.505827, -0.323542)

[node name="fence-straight2" parent="World/Part1/Platform_5" instance=ExtResource("26_s2012")]
transform = Transform3D(0.275592, -0.0156346, 0.961148, -0.880777, 0.396425, 0.258996, -0.385072, -0.917934, 0.0954809, -0.0782528, -0.305516, -1.47121)

[node name="flag2" parent="World/Part1/Platform_5" instance=ExtResource("27_5byej")]
transform = Transform3D(-0.173276, -0.258054, 0.950465, 0.643036, 0.701328, 0.307642, -0.745976, 0.66449, 0.044415, 0.400282, 0.231016, -0.0676103)

[node name="column-rounded2" parent="World/Part1/Platform_5" instance=ExtResource("28_dj1nr")]
transform = Transform3D(0.727641, -0.685958, 0, 0.685958, 0.727641, 0, -7.74382e-09, -5.49899e-09, 1, 0.0830274, 0.614842, -1.03055)

[node name="ladder-long3" parent="World/Part1/Platform_5" instance=ExtResource("7_s1amk")]
transform = Transform3D(-0.197637, -0.216056, 0.956169, 0.217308, 0.941484, 0.257654, -0.955885, 0.258705, -0.139121, 0.263188, -0.764416, -0.0464325)

[node name="ladder-broken2" parent="World/Part1/Platform_5" instance=ExtResource("8_ssjls")]
transform = Transform3D(-0.0135237, -0.460803, 0.8874, -0.841083, 0.485181, 0.239123, -0.540738, -0.743143, -0.394134, 0.193877, 0.896893, 0.0530076)

[node name="platform-fortified2" parent="World/Part1/Platform_5" instance=ExtResource("29_8v5sb")]
transform = Transform3D(0.260184, 0.909646, -0.323803, -0.965559, 0.245118, -0.0872536, -2.24781e-08, 0.335353, 0.942092, 0.0397573, -0.749198, -0.819012)

[node name="platform-medium15" parent="World/Part1/Platform_5" instance=ExtResource("9_v2m8a")]
transform = Transform3D(0.443295, 0.889018, 0.11461, -0.896073, 0.442832, 0.0308835, -0.0232971, -0.11639, 0.99293, -0.387033, 0.565874, -0.511392)
visible = false

[node name="Platform_6" parent="World/Part1" instance=ExtResource("7_s1amk")]
transform = Transform3D(-0.261246, -0.965272, 3.72529e-09, 0.965272, -0.261246, 0, 9.31323e-10, 9.31323e-09, 1, 2.62028, 2.81845, 4.80045)

[node name="platform-medium3" parent="World/Part1/Platform_6" instance=ExtResource("9_v2m8a")]
transform = Transform3D(-0.261146, 0.965272, -0.00722141, -0.964903, -0.261246, -0.0266822, -0.0276422, 1.53406e-09, 0.999618, -0.615456, 1.63378, 1.37179)

[node name="wall" parent="World/Part1/Platform_6" instance=ExtResource("13_ire6o")]
transform = Transform3D(-0.0186648, 0.965272, 0.260578, -0.0689641, -0.261246, 0.962805, 0.997444, 1.53407e-09, 0.0714453, -0.154493, 1.42307, 0.0772986)

[node name="wall3" parent="World/Part1/Platform_6/wall" instance=ExtResource("13_ire6o")]
transform = Transform3D(1, 0, 0, 0, 1, 0, 0, 0, 1, -0.00625753, -0.0122819, 0.988081)

[node name="wall4" parent="World/Part1/Platform_6/wall" instance=ExtResource("13_ire6o")]
transform = Transform3D(0.957746, 0.284157, -0.0444704, -0.284772, 0.958562, -0.00802907, 0.0403461, 0.0203537, 0.998978, 0.0287242, -0.0134838, -0.829707)

[node name="Platform_7" parent="World/Part1" instance=ExtResource("7_s1amk")]
transform = Transform3D(-0.261246, -0.965272, 3.72529e-09, -0.965243, 0.261238, 0.00781901, -0.00754747, 0.00204268, -0.999969, -1.3688, 2.37891, 10.7149)

[node name="platform-medium3" parent="World/Part1/Platform_7" instance=ExtResource("9_v2m8a")]
transform = Transform3D(-0.261146, 0.965272, -0.00722141, -0.964903, -0.261246, -0.0266822, -0.0276422, 1.53406e-09, 0.999618, -0.615456, 1.63378, 1.37179)

[node name="button1" parent="World/Part1/Platform_7" node_paths=PackedStringArray("target") instance=ExtResource("10_sbgul")]
transform = Transform3D(-0.21548, -0.965243, 0.147902, -0.778528, 0.261238, 0.570657, -0.58946, 0.00781901, -0.80776, -0.549398, 1.48799, 1.54725)
target = NodePath("../../moving_object_path_1")

[node name="coin" parent="World/Part1" instance=ExtResource("37_l7xkn")]
transform = Transform3D(-0.19158, 0, -0.981477, 0, 1, 0, 0.981477, 0, -0.19158, -0.654609, 2.40335, 4.93852)

[node name="moving_transportation_1" parent="World/Part1" instance=ExtResource("38_3jsky")]
transform = Transform3D(1, 0, 0, 0, 1, 0, 0, 0, 1, 2.6319, -5.13174, 14.4677)

[node name="moving_object_path_1" parent="World/Part1" node_paths=PackedStringArray("object_to_move") instance=ExtResource("32_q12rk")]
transform = Transform3D(0.807784, 0, -0.589478, 0, 1, 0, 0.589478, 0, 0.807784, 0, 0, 0)
curve = SubResource("Curve3D_tdwqj")
object_to_move = NodePath("../moving_transportation_1")
movement_speed = 3.0
is_on_from_start = false
ping_pong = true

[node name="coin2" parent="World/Part1" instance=ExtResource("37_l7xkn")]
transform = Transform3D(1, 0, 0, 0, 1, 0, 0, 0, 1, -9.36644, 0.408812, -2.19794)

[node name="checkpoint" parent="World/Part1" instance=ExtResource("33_47e62")]
transform = Transform3D(1, 0, 0, 0, 1, 0, 0, 0, 1, 1.19964, 1.98768, 6.22864)

[node name="platform-falling" parent="World/Part1" instance=ExtResource("36_kcn85")]
transform = Transform3D(0.911224, 0, 0.411912, 0, 1, 0, -0.411912, 0, 0.911224, -0.043921, 3.36924, 12.8786)

[node name="coin3" parent="World/Part1" instance=ExtResource("37_l7xkn")]
transform = Transform3D(1, 0, 0, 0, 1, 0, 0, 0, 1, -0.0609118, 3.86924, 12.8695)

[node name="coin4" parent="World/Part1" instance=ExtResource("37_l7xkn")]
transform = Transform3D(1, 0, 0, 0, 1, 0, 0, 0, 1, -7.45142, 8.03809, 15.8177)

[node name="coin5" parent="World/Part1" instance=ExtResource("37_l7xkn")]
transform = Transform3D(1, 0, 0, 0, 1, 0, 0, 0, 1, -5.25448, 6.4828, 16.373)

[node name="coin6" parent="World/Part1" instance=ExtResource("37_l7xkn")]
transform = Transform3D(1, 0, 0, 0, 1, 0, 0, 0, 1, -2.02789, 3.44746, 14.7417)

[node name="Part2" type="Node" parent="World"]

[node name="Falling_Challange" type="Node" parent="World/Part2"]

[node name="platform-falling11" parent="World/Part2/Falling_Challange" instance=ExtResource("36_kcn85")]
transform = Transform3D(1.02266, 0.293321, -0.944591, -0.339137, 0.955801, 0.271223, 1.19772, 0.0201884, 0.883326, -14.0344, 7.86681, 17.2779)

[node name="platform-falling14" parent="World/Part2/Falling_Challange" instance=ExtResource("36_kcn85")]
transform = Transform3D(0.492775, 0.0869965, -1.2528, 0.287661, 0.972905, 0.194087, 1.50659, -0.214216, 0.372708, -12.4353, 7.43344, 21.5015)

[node name="platform-falling13" parent="World/Part2/Falling_Challange" instance=ExtResource("36_kcn85")]
transform = Transform3D(-0.315228, 0.0463892, -1.2944, -0.266504, 0.983005, 0.105176, 1.55724, 0.177621, -0.24402, -16.1046, 9.13778, 20.4157)

[node name="platform-falling15" parent="World/Part2/Falling_Challange" instance=ExtResource("36_kcn85")]
transform = Transform3D(1.32352, 0.105876, -0.740284, -0.191103, 0.992846, 0.0180789, 0.89842, 0.0552156, 1.09441, -19.7497, 10.7435, 19.9624)

[node name="platform-falling9" parent="World/Part2/Falling_Challange" instance=ExtResource("36_kcn85")]
transform = Transform3D(0.475606, -0.170883, -1.24214, 0.267471, 0.978082, -0.166046, 1.5158, -0.118971, 0.419045, -18.6339, 10.1783, 16.1556)

[node name="platform-falling10" parent="World/Part2/Falling_Challange" instance=ExtResource("36_kcn85")]
transform = Transform3D(0.475606, -0.170883, -1.24214, 0.267471, 0.978082, -0.166046, 1.5158, -0.118971, 0.419045, -15.9608, 8.76118, 13.7659)

[node name="cube" parent="World/Part2/Falling_Challange" instance=ExtResource("34_70s3x")]
transform = Transform3D(1.63849, -0.159404, -1.00036, -0.47029, 1.15101, -0.813138, 1.13964, 0.704163, 1.10268, -13.022, 12.5404, 1.47229)

[node name="cube2" parent="World/Part2/Falling_Challange" instance=ExtResource("34_70s3x")]
transform = Transform3D(1.2262, 0.333811, -0.988959, -0.244708, 0.792192, 0.656979, 1.24692, -0.172796, 1.10146, -16.4508, 12.5404, -0.914849)

[node name="cube3" parent="World/Part2/Falling_Challange" instance=ExtResource("34_70s3x")]
transform = Transform3D(1.07889, 1.46543, -1.38313, -1.73919, 1.25791, 1.03227, 1.65483, 0.366633, 1.98665, -25.3662, 9.6957, 16.642)

[node name="cube5" parent="World/Part2/Falling_Challange" instance=ExtResource("34_70s3x")]
transform = Transform3D(-0.780004, 1.54828, -0.515639, -1.92267, -0.583179, 0.391592, 0.171799, 0.502961, 2.04135, -13.8991, 7.55715, 12.6437)

[node name="cube4" parent="World/Part2/Falling_Challange" instance=ExtResource("34_70s3x")]
transform = Transform3D(1.07702, 1.29599, -0.777178, -1.67993, 0.734729, -0.664469, -0.17366, 0.930044, 1.6079, -16.1613, 6.04894, 23.0505)

[node name="coin" parent="World/Part2/Falling_Challange" instance=ExtResource("37_l7xkn")]
transform = Transform3D(1, 0, 0, 0, 1, 0, 0, 0, 1, -19.4631, 11.6963, 19.9278)

[node name="coin2" parent="World/Part2/Falling_Challange" instance=ExtResource("37_l7xkn")]
transform = Transform3D(1, 0, 0, 0, 1, 0, 0, 0, 1, -18.5503, 11.2841, 15.865)

[node name="coin3" parent="World/Part2/Falling_Challange" instance=ExtResource("37_l7xkn")]
transform = Transform3D(1, 0, 0, 0, 1, 0, 0, 0, 1, -15.5876, 9.73699, 13.7354)

[node name="checkpoint" parent="World/Part2" instance=ExtResource("33_47e62")]
transform = Transform3D(0.969723, 0, -0.244207, 0, 1, 0, 0.244207, 0, 0.969723, -21.7491, 11.6475, 12.7965)

[node name="platform-medium5" parent="World/Part2" instance=ExtResource("9_v2m8a")]
transform = Transform3D(-0.879407, 0, -0.476069, 0, 1, 0, 0.476069, 0, -0.879407, -10.6079, 6.7828, 16.3827)

[node name="platform-medium14" parent="World/Part2" instance=ExtResource("9_v2m8a")]
transform = Transform3D(-0.959683, 0, 0.281085, 0, 1, 0, -0.281085, 0, -0.959683, -19.9851, 12.0404, 6.95356)

[node name="platform-medium12" parent="World/Part2" instance=ExtResource("9_v2m8a")]
transform = Transform3D(0.236855, 0, 0.971546, 0, 1, 0, -0.971546, 0, 0.236855, -21.7564, 14.9493, -7.65627)

[node name="platform-medium13" parent="World/Part2" instance=ExtResource("9_v2m8a")]
transform = Transform3D(-1.47081, 0, 0.45447, 0, 1, 0, -0.430791, 0, -1.55165, -21.9999, 11.1475, 12.9398)

[node name="coin3" parent="World/Part2" instance=ExtResource("37_l7xkn")]
transform = Transform3D(0.969723, 0, -0.244207, 0, 1, 0, 0.244207, 0, 0.969723, -24.2105, 16.4924, -4.06978)

[node name="coin4" parent="World/Part2" instance=ExtResource("37_l7xkn")]
transform = Transform3D(0.969723, 0, -0.244207, 0, 1, 0, 0.244207, 0, 0.969723, -23.8141, 16.0929, -4.02041)

[node name="coin6" parent="World/Part2" instance=ExtResource("37_l7xkn")]
transform = Transform3D(0.969723, 0, -0.244207, 0, 1, 0, 0.244207, 0, 0.969723, -22.6348, 15.8327, -3.84352)

[node name="coin5" parent="World/Part2" instance=ExtResource("37_l7xkn")]
transform = Transform3D(0.969723, 0, -0.244207, 0, 1, 0, 0.244207, 0, 0.969723, -21.5579, 15.2194, -3.61642)

[node name="ladder-long2" parent="World/Part2" instance=ExtResource("46_siyji")]
transform = Transform3D(0.969723, 0.236791, -0.0597283, 1.89474e-08, 0.24458, 0.969629, 0.244207, -0.940271, 0.237175, -21.2482, 11.5537, 10.4292)

[node name="ladder-long3" parent="World/Part2" instance=ExtResource("46_siyji")]
transform = Transform3D(0.969723, 0.236791, -0.0597283, 1.89474e-08, 0.24458, 0.969629, 0.244207, -0.940271, 0.237175, -20.8686, 11.5537, 9.99459)

[node name="ladder-long4" parent="World/Part2" instance=ExtResource("46_siyji")]
transform = Transform3D(0.969723, 0.236791, -0.0597283, 1.89474e-08, 0.24458, 0.969629, 0.244207, -0.940271, 0.237175, -21.2482, 11.5537, 10.4292)

[node name="ladder-long5" parent="World/Part2" instance=ExtResource("46_siyji")]
transform = Transform3D(0.969723, 0.236791, -0.0597283, 1.89474e-08, 0.24458, 0.969629, 0.244207, -0.940271, 0.237175, -20.8686, 11.5537, 9.99459)

[node name="LadderSkeleton" type="Node" parent="World/Part2"]

[node name="ladder-extralong4" parent="World/Part2/LadderSkeleton" instance=ExtResource("46_siyji")]
transform = Transform3D(0.885387, -0.45074, 0.113695, 3.57908e-08, 0.24458, 0.969629, -0.464858, -0.858496, 0.216548, -21.3369, 15.172, -3.82141)

[node name="ladder-long4" parent="World/Part2/LadderSkeleton/ladder-extralong4" instance=ExtResource("46_siyji")]
