[gd_scene load_steps=11 format=3 uid="uid://dqki0eqhmcfjv"]

[ext_resource type="PackedScene" uid="uid://ch54hxnoado4n" path="res://objects/car_02.tscn" id="1_c4e26"]
[ext_resource type="Script" path="res://objects/cloud.gd" id="1_ydbkx"]
[ext_resource type="PackedScene" uid="uid://crv1t7lrqdkx0" path="res://objects/fence_broken_2.tscn" id="2_8t62f"]
[ext_resource type="PackedScene" uid="uid://bqyo0l3wovjgx" path="res://objects/ladder_broken_BW.tscn" id="3_pspr3"]
[ext_resource type="PackedScene" uid="uid://bch4dympxjk2n" path="res://objects/platform_ramp_2.tscn" id="4_aq3r7"]
[ext_resource type="PackedScene" uid="uid://b36jf5an84wmy" path="res://objects/ladder_long_SW.tscn" id="5_eum3g"]
[ext_resource type="PackedScene" uid="uid://chqgqgdxmnujr" path="res://objects/vehicle.tscn" id="6_85ffg"]
[ext_resource type="PackedScene" uid="uid://dbr3dh46cbskt" path="res://objects/wall.tscn" id="7_h6hfg"]
[ext_resource type="PackedScene" uid="uid://dcdg712lcyl0r" path="res://objects/wheelchair_2.tscn" id="8_t1f87"]
[ext_resource type="PackedScene" uid="uid://b8cnpjl0np7tt" path="res://objects/poles_2.tscn" id="9_1tdjg"]

[node name="Dressing" type="Node"]

[node name="vehicle-convertible2" parent="." instance=ExtResource("1_c4e26")]
transform = Transform3D(-0.418689, 0.881206, 0.219487, -0.796936, -0.240647, -0.55406, -0.435423, -0.406895, 0.803022, 4.29806, 0.833789, -3.33213)

[node name="fence-broken2" parent="." instance=ExtResource("2_8t62f")]
transform = Transform3D(0.876398, -0.447173, -0.178785, 0.40379, 0.884621, -0.233235, 0.262453, 0.132215, 0.955844, 8.19264, 0.0915643, 18.9223)
script = ExtResource("1_ydbkx")

[node name="ladder-broken2" parent="." instance=ExtResource("3_pspr3")]
transform = Transform3D(1, 0, 0, 0, -0.101647, 0.994821, 0, -0.994821, -0.101647, 5.81133, -0.843651, -0.233904)

[node name="platform-ramp8" parent="." instance=ExtResource("4_aq3r7")]
transform = Transform3D(-0.505269, 0.652781, 0.564429, 0.562859, -0.246494, 0.788943, 0.654135, 0.716322, -0.242878, 8.5179, 0.228929, 0.84077)

[node name="platform-ramp9" parent="." instance=ExtResource("4_aq3r7")]
transform = Transform3D(-0.94962, 0.0802289, -0.30296, -0.307903, -0.419135, 0.85412, -0.0584564, 0.904372, 0.422723, 3.9491, -2.28289, -3.83298)

[node name="ladder-long2" parent="." instance=ExtResource("5_eum3g")]
transform = Transform3D(0.412834, 0, 0.910806, -0.346714, 0.924712, 0.157152, -0.842234, -0.380667, 0.381753, 2.18601, -0.843651, -5.20489)

[node name="vehicle" parent="." instance=ExtResource("6_85ffg")]
transform = Transform3D(-0.300856, 0.95367, 0, -0.850345, -0.26826, 0.452715, 0.43174, 0.136202, 0.891655, 0.654271, -0.548438, -7.39471)

[node name="wall" parent="." instance=ExtResource("7_h6hfg")]
transform = Transform3D(1, 0, 0, 0, 1, 0, 0, 0, 1, 0.396181, -3.9726, -6.1678)

[node name="wheelchair2" parent="." instance=ExtResource("8_t1f87")]
transform = Transform3D(1, 0, 0, 0, 1, 0, 0, 0, 1, -2.54691, -0.84365, -7.32326)

[node name="ladder-broken3" parent="." instance=ExtResource("3_pspr3")]
transform = Transform3D(-0.605608, -0.0236885, 0.79541, 0.3951, -0.8766, 0.274715, 0.690749, 0.480636, 0.540236, -0.778449, -0.843651, -8.41084)

[node name="vehicle-convertible3" parent="." instance=ExtResource("1_c4e26")]
transform = Transform3D(0.47436, 0.59012, 0.653254, -0.803262, 0.593777, 0.0468976, -0.360212, -0.54698, 0.755686, 2.14941, -0.136112, -4.7377)

[node name="fence-broken3" parent="." instance=ExtResource("2_8t62f")]
transform = Transform3D(0.907728, -0.419162, -0.0183016, 0.40379, 0.884621, -0.233235, 0.113953, 0.204324, 0.972249, 9.4629, 0.54997, 16.2499)

[node name="ladder-broken4" parent="." instance=ExtResource("3_pspr3")]
transform = Transform3D(0.986239, 0, 0.165323, 0, 1, 0, -0.165323, 0, 0.986239, 6.10869, -2.0682, -1.93228)

[node name="platform-ramp10" parent="." instance=ExtResource("4_aq3r7")]
transform = Transform3D(-0.805978, 0.0479631, 0.589999, 0.562859, -0.246494, 0.788943, 0.183271, 0.967956, 0.171673, 8.95568, -0.995625, -1.31986)

[node name="platform-ramp11" parent="." instance=ExtResource("4_aq3r7")]
transform = Transform3D(-0.946217, 0.228638, -0.228906, -0.307903, -0.419135, 0.85412, 0.0993421, 0.878664, 0.466992, 3.67707, -3.50744, -5.17397)

[node name="ladder-long3" parent="." instance=ExtResource("5_eum3g")]
transform = Transform3D(-0.693163, -0.365476, 0.621251, -0.346714, 0.924712, 0.157152, -0.631914, -0.106464, -0.767691, 1.71144, -2.0682, -6.23552)

[node name="vehicle2" parent="." instance=ExtResource("6_85ffg")]
transform = Transform3D(-0.270379, -0.955137, 0.120864, 0.837114, -0.295243, -0.460513, 0.475538, -0.0233359, 0.879386, 0.170491, -1.77299, -7.62826)

[node name="wall2" parent="." instance=ExtResource("7_h6hfg")]
transform = Transform3D(0.986239, 0, 0.165323, 0, 1, 0, -0.165323, 0, 0.986239, -0.212949, -5.19715, -6.88928)

[node name="wheelchair3" parent="." instance=ExtResource("8_t1f87")]
transform = Transform3D(0.166363, 0.672566, 0.721095, -0.908904, 0.388175, -0.152359, -0.382383, -0.630059, 0.675876, -0.746711, -2.0682, -5.9547)

[node name="ladder-broken5" parent="." instance=ExtResource("3_pspr3")]
transform = Transform3D(-0.483078, 0.0560977, 0.873778, 0.3951, -0.8766, 0.274715, 0.781365, 0.477939, 0.401302, -2.90943, -2.0682, -8.90726)

[node name="poles2" parent="." instance=ExtResource("9_1tdjg")]
transform = Transform3D(0.625719, 0, 0.780048, 0, 1, 0, -0.780048, 0, 0.625719, 5.59275, -0.843651, 0.93966)

[node name="poles3" parent="." instance=ExtResource("9_1tdjg")]
transform = Transform3D(0.625719, 0, 0.780048, 0.553854, 0.704176, -0.444277, -0.549291, 0.710026, 0.440616, 3.9685, -2.65748, -2.84712)

[node name="vehicle-convertible4" parent="." instance=ExtResource("1_c4e26")]
transform = Transform3D(-0.0253446, 0.929733, -0.367361, -0.796936, -0.240647, -0.55406, -0.603532, 0.27872, 0.747037, 8.53442, 3.48547, 3.10703)

[node name="fence-broken4" parent="." instance=ExtResource("2_8t62f")]
transform = Transform3D(0.482843, -0.422614, -0.766982, 0.40379, 0.884621, -0.233235, 0.777057, -0.197084, 0.59778, -4.5121, 4.4262, 20.7167)

[node name="ladder-broken6" parent="." instance=ExtResource("3_pspr3")]
transform = Transform3D(0.749268, 0.658837, 0.0673172, 0, -0.101647, 0.994821, 0.662267, -0.745387, -0.0761606, 7.61641, 1.80803, 6.43062)

[node name="platform-ramp12" parent="." instance=ExtResource("4_aq3r7")]
transform = Transform3D(-0.811794, 0.0147109, 0.583759, 0.562859, -0.246494, 0.788943, 0.155499, 0.969032, 0.191823, 8.93263, 2.88061, 9.02831)

[node name="platform-ramp13" parent="." instance=ExtResource("4_aq3r7")]
transform = Transform3D(-0.672806, -0.538823, -0.506954, -0.307903, -0.419135, 0.85412, -0.672702, 0.73075, 0.116092, 8.60465, 0.368789, 2.50065)

[node name="ladder-long4" parent="." instance=ExtResource("5_eum3g")]
transform = Transform3D(0.867107, 0.252103, 0.429615, -0.346714, 0.924712, 0.157152, -0.357652, -0.285221, 0.889232, 8.19219, 1.80803, 0.305093)

[node name="vehicle3" parent="." instance=ExtResource("6_85ffg")]
transform = Transform3D(-0.511349, 0.624352, -0.590514, -0.850345, -0.26826, 0.452715, 0.124243, 0.733636, 0.668089, 8.49476, 2.10324, -2.35009)

[node name="wall3" parent="." instance=ExtResource("7_h6hfg")]
transform = Transform3D(0.749268, 0, -0.662267, 0, 1, 0, 0.662267, 0, 0.749268, 7.48884, -1.32092, -1.60173)

[node name="wheelchair4" parent="." instance=ExtResource("8_t1f87")]
transform = Transform3D(0.749268, 0, -0.662267, 0, 1, 0, 0.662267, 0, 0.749268, 6.0489, 1.80803, -4.41659)

[node name="ladder-broken7" parent="." instance=ExtResource("3_pspr3")]
transform = Transform3D(-0.911223, -0.336059, 0.238195, 0.3951, -0.8766, 0.274715, 0.116482, 0.344437, 0.931555, 8.09421, 1.80803, -4.06028)

[node name="vehicle-convertible5" parent="." instance=ExtResource("1_c4e26")]
transform = Transform3D(0.593979, 0.804405, -0.0110036, -0.803262, 0.593777, 0.0468976, 0.0442581, -0.0190174, 0.99884, 7.85537, 2.51557, 0.630898)

[node name="fence-broken5" parent="." instance=ExtResource("2_8t62f")]
transform = Transform3D(0.604664, -0.449381, -0.657601, 0.40379, 0.884621, -0.233235, 0.68654, -0.124504, 0.716354, -0.639972, 3.20165, 21.3997)

[node name="ladder-broken8" parent="." instance=ExtResource("3_pspr3")]
transform = Transform3D(0.848446, 0, -0.529283, 0, 1, 0, 0.529283, 0, 0.848446, 8.96399, 0.583479, 5.35501)

[node name="platform-ramp14" parent="." instance=ExtResource("4_aq3r7")]
transform = Transform3D(-0.725268, -0.605108, 0.328374, 0.562859, -0.246494, 0.788943, -0.396454, 0.757023, 0.519366, 10.6916, 1.65606, 7.69935)

[node name="platform-ramp15" parent="." instance=ExtResource("4_aq3r7")]
transform = Transform3D(-0.774761, -0.410599, -0.480785, -0.307903, -0.419135, 0.85412, -0.552215, 0.809774, 0.198305, 7.33359, -0.855762, 1.31574)

[node name="ladder-long5" parent="." instance=ExtResource("5_eum3g")]
transform = Transform3D(-0.100869, -0.203332, 0.9739, -0.346714, 0.924712, 0.157152, -0.932531, -0.321813, -0.163772, 6.56383, 0.583479, -0.781418)

[node name="vehicle4" parent="." instance=ExtResource("6_85ffg")]
transform = Transform3D(-0.517519, -0.700199, -0.491828, 0.837114, -0.295243, -0.460513, 0.177242, -0.650041, 0.73894, 6.33162, 0.878689, -2.84548)

[node name="wall4" parent="." instance=ExtResource("7_h6hfg")]
transform = Transform3D(0.848446, 0, -0.529283, 0, 1, 0, 0.529283, 0, 0.848446, 5.55491, -2.54547, -2.54572)

[node name="wheelchair5" parent="." instance=ExtResource("8_t1f87")]
transform = Transform3D(0.37789, 0.9212, 0.0926828, -0.908904, 0.388175, -0.152359, -0.176331, -0.0266647, 0.98397, 5.41058, 0.583479, -1.42597)

[node name="ladder-broken9" parent="." instance=ExtResource("3_pspr3")]
transform = Transform3D(-0.879427, -0.274491, 0.388925, 0.3951, -0.8766, 0.274715, 0.265525, 0.395256, 0.879357, 5.7455, 0.583479, -5.07053)

[node name="poles4" parent="." instance=ExtResource("9_1tdjg")]
transform = Transform3D(0.985432, 0, 0.170072, 0, 1, 0, -0.170072, 0, 0.985432, 5.29269, 2.65168, 7.93817)

[node name="poles5" parent="." instance=ExtResource("9_1tdjg")]
transform = Transform3D(0.832609, -0.470227, 0.292659, 0.553854, 0.704176, -0.444277, 0.00282705, 0.531999, 0.84674, 6.88549, -0.00580281, 4.02517)

[node name="vehicle-convertible6" parent="." instance=ExtResource("1_c4e26")]
transform = Transform3D(0.164428, 0.796166, -0.582308, -0.796936, -0.240647, -0.55406, -0.581255, 0.555165, 0.594925, 6.55914, 4.45148, 14.2303)

[node name="fence-broken6" parent="." instance=ExtResource("2_8t62f")]
transform = Transform3D(0.215985, -0.339916, -0.915319, 0.40379, 0.884621, -0.233235, 0.888991, -0.319221, 0.328319, -11.048, 4.54856, 26.9784)

[node name="ladder-broken10" parent="." instance=ExtResource("3_pspr3")]
transform = Transform3D(0.504934, 0.858687, 0.0877371, 0, -0.101647, 0.994821, 0.863158, -0.502319, -0.0513249, 4.64898, 2.77404, 17.1009)

[node name="platform-ramp16" parent="." instance=ExtResource("4_aq3r7")]
transform = Transform3D(-0.819749, -0.288688, 0.494642, 0.562859, -0.246494, 0.788943, -0.105832, 0.925148, 0.364554, 5.088, 3.84662, 19.9797)

[node name="platform-ramp17" parent="." instance=ExtResource("4_aq3r7")]
transform = Transform3D(-0.429039, -0.740105, -0.517851, -0.307903, -0.419135, 0.85412, -0.849189, 0.525899, -0.0480554, 6.81524, 1.3348, 13.6762)

[node name="ladder-long6" parent="." instance=ExtResource("5_eum3g")]
transform = Transform3D(0.935435, 0.328576, 0.130385, -0.346714, 0.924712, 0.157152, -0.0689317, -0.192212, 0.97893, 7.10917, 2.77404, 11.4616)

[node name="vehicle5" parent="." instance=ExtResource("6_85ffg")]
transform = Transform3D(-0.524572, 0.363977, -0.769639, -0.850345, -0.26826, 0.452715, -0.0416852, 0.89194, 0.450227, 8.52785, 2.2256, 9.0338)

[node name="wall5" parent="." instance=ExtResource("7_h6hfg")]
transform = Transform3D(0.504934, 0, -0.863158, 0, 1, 0, 0.863158, 0, 0.504934, 7.03657, -0.354907, 9.43054)

[node name="wheelchair6" parent="." instance=ExtResource("8_t1f87")]
transform = Transform3D(0.504934, 0, -0.863158, 0, 1, 0, 0.863158, 0, 0.504934, 6.84979, 1.93039, 6.30675)

[node name="ladder-broken11" parent="." instance=ExtResource("3_pspr3")]
transform = Transform3D(-0.902018, -0.426826, -0.0646785, 0.3951, -0.8766, 0.274715, -0.173952, 0.222243, 0.959348, 8.68149, 1.93039, 7.28406)

[node name="vehicle-convertible7" parent="." instance=ExtResource("1_c4e26")]
transform = Transform3D(0.550441, 0.770102, -0.322426, -0.803262, 0.593777, 0.0468976, 0.227565, 0.233178, 0.945433, 6.68743, 3.48158, 11.6659)

[node name="fence-broken7" parent="." instance=ExtResource("2_8t62f")]
transform = Transform3D(0.359983, -0.388013, -0.848445, 0.40379, 0.884622, -0.233235, 0.841051, -0.258633, 0.475125, -7.58288, 3.32401, 28.8366)

[node name="ladder-broken12" parent="." instance=ExtResource("3_pspr3")]
transform = Transform3D(0.640686, 0, -0.767803, 0, 1, 0, 0.767803, 0, 0.640686, 6.26509, 1.54949, 16.5)

[node name="platform-ramp18" parent="." instance=ExtResource("4_aq3r7")]
transform = Transform3D(-0.565158, -0.811281, 0.14973, 0.562859, -0.246494, 0.788943, -0.603146, 0.530154, 0.595946, 7.17401, 2.62207, 19.2666)

[node name="platform-ramp19" parent="." instance=ExtResource("4_aq3r7")]
transform = Transform3D(-0.563526, -0.642978, -0.51867, -0.307903, -0.419135, 0.85412, -0.766573, 0.641019, 0.0382187, 7.83537, 0.110249, 12.7643)

[node name="ladder-long7" parent="." instance=ExtResource("5_eum3g")]
transform = Transform3D(0.19544, -0.092646, 0.97633, -0.346714, 0.924712, 0.157152, -0.917384, -0.369221, 0.148604, 7.75914, 1.54949, 10.5316)

[node name="vehicle6" parent="." instance=ExtResource("6_85ffg")]
transform = Transform3D(-0.546988, -0.462139, -0.69802, 0.837114, -0.295243, -0.460513, 0.00673583, -0.836217, 0.548357, 8.48516, 1.00105, 8.49828)

[node name="wall6" parent="." instance=ExtResource("7_h6hfg")]
transform = Transform3D(0.640686, 0, -0.767803, 0, 1, 0, 0.767803, 0, 0.640686, 7.65368, -2.42311, 8.54046)

[node name="wheelchair7" parent="." instance=ExtResource("8_t1f87")]
transform = Transform3D(0.414059, 0.883442, -0.219282, -0.908904, 0.388175, -0.152359, -0.0494809, 0.262392, 0.963692, 6.8649, 1.54949, 9.5591)

[node name="ladder-broken13" parent="." instance=ExtResource("3_pspr3")]
transform = Transform3D(-0.918364, -0.384211, 0.0948139, 0.3951, -0.8766, 0.274715, -0.0224345, 0.289749, 0.95684, 8.62333, 0.705839, 6.20149)

[node name="poles6" parent="." instance=ExtResource("9_1tdjg")]
transform = Transform3D(0.989252, 0, -0.146221, 0, 1, 0, 0.146221, 0, 0.989252, 4.11499, 2.77404, 18.5123)

[node name="poles7" parent="." instance=ExtResource("9_1tdjg")]
transform = Transform3D(0.790072, -0.612864, 0.0135518, 0.553854, 0.704176, -0.444277, 0.262738, 0.358516, 0.895787, 6.56344, 0.960208, 15.1982)

[node name="vehicle-convertible8" parent="." instance=ExtResource("1_c4e26")]
transform = Transform3D(0.508146, 0.228875, -0.830304, -0.796936, -0.240647, -0.55406, -0.326621, 0.943242, 0.0601145, 3.72956, 7.10316, 22.1458)

[node name="fence-broken8" parent="." instance=ExtResource("2_8t62f")]
transform = Transform3D(-0.426919, -0.0432784, -0.903254, 0.40379, 0.884621, -0.233235, 0.809132, -0.464297, -0.360186, -17.9055, 7.20024, 20.0369)

[node name="ladder-broken14" parent="." instance=ExtResource("3_pspr3")]
transform = Transform3D(-0.19331, 0.976056, 0.0997294, 0, -0.101647, 0.994821, 0.981138, 0.192308, 0.0196493, 0.397242, 5.42572, 23.0316)

[node name="platform-ramp20" parent="." instance=ExtResource("4_aq3r7")]
transform = Transform3D(-0.544123, -0.829, 0.129187, 0.562859, -0.246494, 0.788943, -0.622189, 0.501996, 0.600734, -1.18037, 6.4983, 25.4793)

[node name="platform-ramp21" parent="." instance=ExtResource("4_aq3r7")]
transform = Transform3D(0.240925, -0.902822, -0.356184, -0.307903, -0.419135, 0.85412, -0.920408, -0.0961083, -0.378962, 4.28842, 3.98648, 21.9002)

[node name="ladder-long8" parent="." instance=ExtResource("5_eum3g")]
transform = Transform3D(0.746542, 0.373487, -0.55062, -0.346714, 0.924712, 0.157152, 0.567859, 0.0735866, 0.81983, 5.97527, 5.42572, 20.4356)

[node name="vehicle7" parent="." instance=ExtResource("6_85ffg")]
transform = Transform3D(-0.365439, -0.317986, -0.874837, -0.850345, -0.26826, 0.452715, -0.37864, 0.909352, -0.172366, 8.41989, 5.72093, 19.356)

[node name="wall7" parent="." instance=ExtResource("7_h6hfg")]
transform = Transform3D(-0.19331, 0, -0.981138, 0, 1, 0, 0.981138, 0, -0.19331, 7.26601, 2.29677, 18.8656)

[node name="wheelchair8" parent="." instance=ExtResource("8_t1f87")]
transform = Transform3D(-0.19331, 0, -0.981138, 0, 1, 0, 0.981138, 0, -0.19331, 8.96861, 5.42572, 16.2014)

[node name="ladder-broken15" parent="." instance=ExtResource("3_pspr3")]
transform = Transform3D(-0.56065, -0.466991, -0.683806, 0.3951, -0.8766, 0.274715, -0.727714, -0.116153, 0.675974, 9.69381, 5.42572, 18.1468)

[node name="vehicle-convertible9" parent="." instance=ExtResource("1_c4e26")]
transform = Transform3D(0.261719, 0.422587, -0.867712, -0.803262, 0.593776, 0.0468976, 0.535045, 0.684726, 0.494851, 5.52397, 6.13326, 20.3093)

[node name="fence-broken9" parent="." instance=ExtResource("2_8t62f")]
transform = Transform3D(-0.287276, -0.119442, -0.950372, 0.40379, 0.884621, -0.233235, 0.868578, -0.450753, -0.205901, -16.5399, 5.97569, 23.724)

[node name="ladder-broken16" parent="." instance=ExtResource("3_pspr3")]
transform = Transform3D(-0.028445, 0, -0.999595, 0, 1, 0, 0.999595, 0, -0.028445, 2.0061, 4.20117, 23.6516)

[node name="platform-ramp22" parent="." instance=ExtResource("4_aq3r7")]
transform = Transform3D(-0.0240109, -0.95897, -0.282487, 0.562859, -0.246494, 0.788943, -0.826204, -0.140057, 0.545684, 0.854876, 5.27375, 26.3265)

[node name="platform-ramp23" parent="." instance=ExtResource("4_aq3r7")]
transform = Transform3D(0.0854447, -0.906288, -0.413934, -0.307903, -0.419135, 0.85412, -0.947573, 0.0544716, -0.314862, 5.6567, 2.76193, 21.8925)

[node name="ladder-long9" parent="." instance=ExtResource("5_eum3g")]
transform = Transform3D(0.75399, 0.175106, 0.633117, -0.346714, 0.924712, 0.157152, -0.557933, -0.338002, 0.757935, 7.0782, 4.20117, 20.1692)

[node name="vehicle8" parent="." instance=ExtResource("6_85ffg")]
transform = Transform3D(-0.414301, 0.207533, -0.886163, 0.837114, -0.295243, -0.460513, -0.357205, -0.93261, -0.0514093, 8.74256, 4.49638, 18.9265)

[node name="wall8" parent="." instance=ExtResource("7_h6hfg")]
transform = Transform3D(-0.028445, 0, -0.999595, 0, 1, 0, 0.999595, 0, -0.028445, 8.09163, 1.07222, 18.4075)

[node name="wheelchair9" parent="." instance=ExtResource("8_t1f87")]
transform = Transform3D(0.343011, 0.488161, -0.802522, -0.908904, 0.388175, -0.152359, 0.237143, 0.781677, 0.57684, 7.05224, 4.20117, 18.8483)

[node name="ladder-broken17" parent="." instance=ExtResource("3_pspr3")]
transform = Transform3D(-0.673243, -0.479768, -0.562643, 0.3951, -0.8766, 0.274715, -0.625012, -0.0373508, 0.779721, 10.3672, 4.20117, 17.2971)

[node name="poles8" parent="." instance=ExtResource("9_1tdjg")]
transform = Transform3D(0.644377, 0, -0.764708, 0, 1, 0, 0.764708, 0, 0.644377, -0.937563, 5.42572, 23.7354)

[node name="poles9" parent="." instance=ExtResource("9_1tdjg")]
transform = Transform3D(0.417973, -0.696633, -0.583096, 0.553854, 0.704176, -0.444277, 0.7201, -0.137255, 0.680159, 3.09177, 3.61189, 22.8738)

[node name="vehicle-convertible10" parent="." instance=ExtResource("1_c4e26")]
transform = Transform3D(0.32039, 5.68822e-06, -0.947286, -0.708357, -0.66395, -0.239583, -0.628952, 0.747777, -0.212718, -13.25, -16.0791, 25.6653)

[node name="fence-broken10" parent="." instance=ExtResource("2_8t62f")]
transform = Transform3D(-0.890961, 0.0728533, -0.448198, 0.0574288, 0.997199, 0.0479303, 0.450435, 0.0169642, -0.892649, -29.4395, 8.19039, 22.4145)

[node name="ladder-broken18" parent="." instance=ExtResource("3_pspr3")]
transform = Transform3D(-0.342055, 0.868139, 0.359629, -0.34108, -0.471318, 0.813341, 0.875593, 0.155545, 0.457322, -17.0088, -16.8363, 25.6302)

[node name="platform-ramp24" parent="." instance=ExtResource("4_aq3r7")]
transform = Transform3D(-0.264318, -0.934555, 0.23821, 0.907356, -0.157259, 0.389836, -0.326862, 0.319182, 0.889542, -18.6129, -24.3105, 25.1755)

[node name="platform-ramp25" parent="." instance=ExtResource("4_aq3r7")]
transform = Transform3D(0.294458, -0.954523, -0.0467004, 0.0374368, -0.0373077, 0.998602, -0.954931, -0.295794, 0.0247489, -13.5199, -18.8246, 24.0919)

[node name="ladder-long10" parent="." instance=ExtResource("5_eum3g")]
transform = Transform3D(0.523518, 0.591906, -0.612842, -0.763229, 0.645497, -0.0285395, 0.378696, 0.48268, 0.78969, -11.2939, -17.5196, 23.4562)

[node name="vehicle9" parent="." instance=ExtResource("6_85ffg")]
transform = Transform3D(-0.51493, -0.521118, -0.68065, -0.459421, -0.502585, 0.732353, -0.723726, 0.689815, 0.0193835, -8.71911, -17.5899, 22.6853)

[node name="wall9" parent="." instance=ExtResource("7_h6hfg")]
transform = Transform3D(-0.342055, 0.269522, -0.900198, -0.341081, 0.857036, 0.386203, 0.875592, 0.439143, -0.201224, -10.6582, -19.9626, 20.7088)

[node name="wheelchair10" parent="." instance=ExtResource("8_t1f87")]
transform = Transform3D(-0.342055, 0.269522, -0.900198, -0.341081, 0.857036, 0.386203, 0.875592, 0.439143, -0.201224, -7.76799, -16.7234, 19.7384)

[node name="ladder-broken19" parent="." instance=ExtResource("3_pspr3")]
transform = Transform3D(-0.308171, -0.660828, -0.684351, 0.811946, -0.557576, 0.172782, -0.495756, -0.50241, 0.708385, -7.39386, -17.7466, 21.5057)

[node name="vehicle-convertible11" parent="." instance=ExtResource("1_c4e26")]
transform = Transform3D(-0.0544922, 0.450573, -0.891075, -0.989334, 0.0963644, 0.109229, 0.135084, 0.887523, 0.440516, -11.5112, -16.7203, 23.6409)

[node name="fence-broken11" parent="." instance=ExtResource("2_8t62f")]
transform = Transform3D(-0.817022, 0.00525402, -0.576584, 0.0161459, 0.999775, -0.0137689, 0.576382, -0.0205591, -0.816923, -30.3254, 5.34446, 25.2562)

[node name="ladder-broken20" parent="." instance=ExtResource("3_pspr3")]
transform = Transform3D(-0.188524, 0.269522, -0.94436, -0.400236, 0.857037, 0.3245, 0.896811, 0.439143, -0.0536996, -15.9116, -18.6432, 25.6946)

[node name="platform-ramp26" parent="." instance=ExtResource("4_aq3r7")]
transform = Transform3D(0.262411, -0.954195, -0.143713, 0.828075, 0.146214, 0.541216, -0.495412, -0.261027, 0.828512, -17.1478, -26.3438, 25.4558)

[node name="platform-ramp27" parent="." instance=ExtResource("4_aq3r7")]
transform = Transform3D(0.151244, -0.982145, -0.111882, 0.0972185, -0.0978561, 0.99044, -0.983705, -0.160675, 0.080682, -12.5496, -20.2992, 23.5858)

[node name="ladder-long11" parent="." instance=ExtResource("5_eum3g")]
transform = Transform3D(0.7125, 0.470082, 0.520928, -0.304769, 0.876052, -0.373696, -0.632028, 0.107496, 0.767454, -10.5338, -18.8053, 22.7103)

[node name="vehicle10" parent="." instance=ExtResource("6_85ffg")]
transform = Transform3D(-0.109972, 0.268141, -0.957082, 0.993312, 0.0637323, -0.09628, 0.0351807, -0.961269, -0.273357, -8.67341, -18.5645, 21.771)

[node name="wall10" parent="." instance=ExtResource("7_h6hfg")]
transform = Transform3D(-0.6153, -0.190778, -0.764859, -0.430461, 0.894154, 0.123262, 0.660386, 0.405085, -0.632295, -6.97256, -9.63922, 25.7098)

[node name="wheelchair11" parent="." instance=ExtResource("8_t1f87")]
transform = Transform3D(0.0423449, 0.441745, -0.896141, -0.983385, -0.14005, -0.115503, -0.176528, 0.886142, 0.428475, -10.345, -18.2565, 21.5235)

[node name="ladder-broken21" parent="." instance=ExtResource("3_pspr3")]
transform = Transform3D(-0.431655, -0.685692, -0.58609, 0.805149, -0.585831, 0.0923953, -0.406704, -0.432007, 0.804961, -6.94738, -18.6591, 20.2239)

[node name="poles10" parent="." instance=ExtResource("9_1tdjg")]
transform = Transform3D(0.488168, 0.269523, -0.83009, -0.514678, 0.857037, -0.0244048, 0.70484, 0.439143, 0.557095, -18.3898, -6.53443, 35.2849)

[node name="poles11" parent="." instance=ExtResource("9_1tdjg")]
transform = Transform3D(0.429716, -0.449372, -0.783204, 0.0491147, 0.877718, -0.476654, 0.901627, 0.166359, 0.399241, -14.9142, -19.1696, 24.7679)

[node name="vehicle-convertible12" parent="." instance=ExtResource("1_c4e26")]
transform = Transform3D(0.337175, -0.633783, -0.696155, -0.907444, -0.415714, -0.0610418, -0.250715, 0.652304, -0.715292, -20.1802, -2.99053, 32.9179)

[node name="fence-broken12" parent="." instance=ExtResource("2_8t62f")]
transform = Transform3D(-0.93821, 0.269748, 0.216793, 0.315668, 0.923806, 0.216645, -0.141835, 0.271693, -0.951875, -24.5883, 14.8477, 16.5504)

[node name="ladder-broken22" parent="." instance=ExtResource("3_pspr3")]
transform = Transform3D(-0.852462, 0.418241, 0.31366, 0.000208696, -0.599702, 0.800224, 0.522789, 0.682225, 0.511136, -23.3102, -2.83145, 30.7086)

[node name="platform-ramp28" parent="." instance=ExtResource("4_aq3r7")]
transform = Transform3D(0.386413, -0.596162, -0.703758, 0.861345, -0.0395862, 0.506474, -0.3298, -0.801887, 0.498205, -26.4638, 6.65555, 32.017)

[node name="platform-ramp29" parent="." instance=ExtResource("4_aq3r7")]
transform = Transform3D(0.752714, -0.586479, 0.299105, -0.294202, 0.106786, 0.949759, -0.588954, -0.802895, -0.0921646, -20.4984, -23.9773, 26.0008)

[node name="ladder-long12" parent="." instance=ExtResource("5_eum3g")]
transform = Transform3D(-0.336281, -0.175139, -0.925333, -0.729395, 0.669974, 0.138268, 0.595733, 0.72143, -0.353045, -20.0233, 4.31452, 31.1621)

[node name="vehicle11" parent="." instance=ExtResource("6_85ffg")]
transform = Transform3D(0.456108, -0.885427, -0.0893562, -0.529727, -0.350808, 0.772219, -0.715091, -0.304881, -0.629041, -18.5687, 3.94446, 33.3927)

[node name="wall11" parent="." instance=ExtResource("7_h6hfg")]
transform = Transform3D(-0.852462, 0.269523, -0.447958, 0.000208511, 0.857036, 0.515256, 0.522789, 0.439142, -0.730647, -16.8791, -26.6292, 25.1073)

[node name="wheelchair12" parent="." instance=ExtResource("8_t1f87")]
transform = Transform3D(-0.981627, -0.190777, -0.00335139, -0.175184, 0.894153, 0.412068, -0.0756167, 0.405085, -0.911147, -15.3703, 4.27074, 33.4501)

[node name="ladder-broken23" parent="." instance=ExtResource("3_pspr3")]
transform = Transform3D(0.51679, 0.188878, -0.835017, 0.744009, -0.58161, 0.328908, -0.42353, -0.791236, -0.441098, -17.1026, 3.51278, 34.3073)

[node name="vehicle-convertible13" parent="." instance=ExtResource("1_c4e26")]
transform = Transform3D(-0.459512, -0.0979948, -0.88275, -0.873927, 0.227176, 0.429701, 0.158432, 0.96891, -0.190031, -17.9803, -4.54644, 32.3957)

[node name="fence-broken13" parent="." instance=ExtResource("2_8t62f")]
transform = Transform3D(-0.968466, 0.24201, 0.0592029, 0.248987, 0.948613, 0.195291, -0.00889856, 0.203873, -0.978957, -27.6398, 12.3194, 17.671)

[node name="ladder-broken24" parent="." instance=ExtResource("3_pspr3")]
transform = Transform3D(-0.766674, 0.269522, -0.582725, -0.0849781, 0.857036, 0.5082, 0.636388, 0.439143, -0.634164, -23.1329, -4.75598, 31.5673)

[node name="platform-ramp30" parent="." instance=ExtResource("4_aq3r7")]
transform = Transform3D(0.756671, -0.540926, -0.367216, 0.576654, 0.287501, 0.764731, -0.308088, -0.790406, 0.529471, -25.5451, -3.52059, 33.0793)

[node name="platform-ramp31" parent="." instance=ExtResource("4_aq3r7")]
transform = Transform3D(0.679127, -0.701476, 0.216145, -0.212895, 0.0935702, 0.972584, -0.702469, -0.706524, -0.0857953, -19.9958, -25.7178, 26.3006)

[node name="ladder-long13" parent="." instance=ExtResource("5_eum3g")]
transform = Transform3D(0.74869, 0.182704, -0.637246, -0.448976, 0.846989, -0.284656, 0.487733, 0.499227, 0.716162, -19.3204, 2.87803, 31.641)

[node name="vehicle12" parent="." instance=ExtResource("6_85ffg")]
transform = Transform3D(0.243088, 0.745097, -0.621079, 0.962404, -0.265257, 0.0584573, -0.121189, -0.611939, -0.781566, -15.4396, -17.6113, 23.694)

[node name="wall12" parent="." instance=ExtResource("7_h6hfg")]
transform = Transform3D(-0.766674, 0.269522, -0.582725, -0.0849781, 0.857036, 0.5082, 0.636388, 0.439143, -0.634164, -16.3667, -20.1652, 27.8577)

[node name="wheelchair13" parent="." instance=ExtResource("8_t1f87")]
transform = Transform3D(-0.215497, -0.186475, -0.958534, -0.975955, 0.00817874, 0.217822, -0.032779, 0.982426, -0.183754, -16.482, -24.8873, 25.8006)

[node name="ladder-broken25" parent="." instance=ExtResource("3_pspr3")]
transform = Transform3D(0.396208, 0.110567, -0.911479, 0.759884, -0.596699, 0.257929, -0.51536, -0.794812, -0.320435, -15.9212, 2.38212, 34.3365)

[node name="poles12" parent="." instance=ExtResource("9_1tdjg")]
transform = Transform3D(-0.183973, 0.269522, -0.945257, -0.401794, 0.857036, 0.322568, 0.89706, 0.439143, -0.0493794, -24.6445, -2.22657, 36.7548)

[node name="poles13" parent="." instance=ExtResource("9_1tdjg")]
transform = Transform3D(-0.138067, -0.128271, -0.982082, 0.191778, 0.969349, -0.153569, 0.971679, -0.209545, -0.109235, -22.0525, -23.7901, 25.7363)

[node name="vehicle-convertible14" parent="." instance=ExtResource("1_c4e26")]
transform = Transform3D(0.410799, -0.900211, 0.144444, -0.891064, -0.429955, -0.145409, 0.193004, -0.0689752, -0.978771, -29.9122, 8.35535, 28.4361)

[node name="fence-broken14" parent="." instance=ExtResource("2_8t62f")]
transform = Transform3D(-0.815577, 0.288815, 0.501418, 0.445094, 0.866843, 0.224664, -0.369765, 0.406409, -0.835527, -25.3392, 18.0152, 9.50707)

[node name="ladder-broken26" parent="." instance=ExtResource("3_pspr3")]
transform = Transform3D(-0.933565, -0.282449, -0.22063, -0.0377165, -0.534746, 0.84417, -0.356417, 0.79641, 0.488568, -30.0648, 8.18073, 24.6087)

[node name="platform-ramp32" parent="." instance=ExtResource("4_aq3r7")]
transform = Transform3D(0.562794, -0.345047, -0.751137, 0.814194, 0.0745772, 0.575783, -0.142654, -0.935618, 0.322906, -32.4701, 9.51718, 23.1737)

[node name="platform-ramp33" parent="." instance=ExtResource("4_aq3r7")]
transform = Transform3D(0.927538, 0.279461, 0.248146, -0.265578, 0.0257059, 0.963747, 0.262951, -0.959813, 0.0980616, -29.1438, 5.35826, 27.7197)

[node name="ladder-long14" parent="." instance=ExtResource("5_eum3g")]
transform = Transform3D(-0.574807, -0.291914, -0.76445, -0.701365, 0.656993, 0.276492, 0.421526, 0.695088, -0.582382, -28.1886, 6.09956, 30.0862)

[node name="vehicle13" parent="." instance=ExtResource("6_85ffg")]
transform = Transform3D(-0.0122294, -0.999725, -0.0200179, -0.565954, -0.00958358, 0.824381, -0.824346, 0.0214115, -0.565681, -26.5216, -2.44603, 32.8783)

[node name="wall13" parent="." instance=ExtResource("7_h6hfg")]
transform = Transform3D(-0.933566, -0.190778, 0.303413, -0.0377166, 0.894153, 0.44617, -0.356417, 0.405085, -0.841946, -26.2129, 2.93969, 30.2673)

[node name="wheelchair14" parent="." instance=ExtResource("8_t1f87")]
transform = Transform3D(-0.949728, 0.269522, -0.159293, 0.161131, 0.857036, 0.489414, 0.268429, 0.439143, -0.85738, -23.5723, -3.17987, 31.8281)

[node name="ladder-broken27" parent="." instance=ExtResource("3_pspr3")]
transform = Transform3D(0.57162, -0.290328, -0.767438, 0.579095, -0.519865, 0.628004, -0.581292, -0.803399, -0.129037, -25.0786, -3.42721, 33.2353)

[node name="vehicle-convertible15" parent="." instance=ExtResource("1_c4e26")]
transform = Transform3D(-0.398895, -0.830156, -0.389518, -0.896846, 0.264624, 0.354459, -0.19118, 0.490729, -0.85008, -28.1477, 6.94203, 29.9925)

[node name="fence-broken15" parent="." instance=ExtResource("2_8t62f")]
transform = Transform3D(-0.889883, 0.284544, 0.356574, 0.377656, 0.89796, 0.22593, -0.255903, 0.335713, -0.906538, -28.8592, 15.8779, 9.54395)

[node name="ladder-broken28" parent="." instance=ExtResource("3_pspr3")]
transform = Transform3D(-0.97088, -0.190778, 0.144898, -0.11096, 0.894153, 0.433795, -0.212319, 0.405085, -0.889285, -30.6241, 6.31681, 25.4367)

[node name="platform-ramp34" parent="." instance=ExtResource("4_aq3r7")]
transform = Transform3D(0.700659, 0.295939, -0.649228, 0.615451, 0.20966, 0.759778, 0.360965, -0.931913, -0.035236, -33.3008, 7.44173, 24.3408)

[node name="platform-ramp35" parent="." instance=ExtResource("4_aq3r7")]
transform = Transform3D(0.972238, 0.13311, 0.192443, -0.195301, 0.00863821, 0.980705, 0.12888, -0.991063, 0.0343949, -29.063, 3.67528, 28.4496)

[node name="ladder-long15" parent="." instance=ExtResource("5_eum3g")]
transform = Transform3D(0.521527, 0.132479, -0.842888, -0.565812, 0.793118, -0.225434, 0.638644, 0.594486, 0.488591, -27.8247, 4.56269, 30.627)

[node name="vehicle14" parent="." instance=ExtResource("6_85ffg")]
transform = Transform3D(0.406657, 0.831263, -0.378987, 0.906605, -0.418357, 0.0551816, -0.112681, -0.366032, -0.923755, -26.355, -3.68776, 32.4109)

[node name="wall14" parent="." instance=ExtResource("7_h6hfg")]
transform = Transform3D(-0.97088, -0.190778, 0.144898, -0.11096, 0.894153, 0.433795, -0.212319, 0.405085, -0.889285, -25.6296, 1.54582, 30.5958)

[node name="wheelchair15" parent="." instance=ExtResource("8_t1f87")]
transform = Transform3D(-0.342059, -0.433769, -0.833572, -0.939301, 0.132692, 0.316396, -0.0266348, 0.8912, -0.452828, -26.9386, -3.08143, 30.9136)

[node name="ladder-broken29" parent="." instance=ExtResource("3_pspr3")]
transform = Transform3D(0.440815, -0.365673, -0.819735, 0.643188, -0.508329, 0.572636, -0.626093, -0.779669, 0.0111181, -24.4143, -4.87493, 32.8645)

[node name="poles14" parent="." instance=ExtResource("9_1tdjg")]
transform = Transform3D(-0.820827, -0.190778, -0.538375, -0.371634, 0.894154, 0.249756, 0.433742, 0.405085, -0.804844, -30.5944, 8.66856, 23.2826)

[node name="poles15" parent="." instance=ExtResource("9_1tdjg")]
transform = Transform3D(-0.856475, 0.0810898, -0.509779, 0.226554, 0.946433, -0.230083, 0.463815, -0.312552, -0.828967, -29.8809, 5.41843, 26.315)

[node name="vehicle-convertible16" parent="." instance=ExtResource("1_c4e26")]
transform = Transform3D(-0.00742094, -0.737489, 0.675318, -0.980905, -0.125885, -0.148254, 0.194348, -0.663522, -0.722473, -33.5089, 13.3955, 22.1629)

[node name="fence-broken16" parent="." instance=ExtResource("2_8t62f")]
transform = Transform3D(-0.29203, 0.165974, 0.941898, 0.689538, 0.718994, 0.0870911, -0.662764, 0.674907, -0.324414, -16.2865, 21.8199, 11.9183)

[node name="ladder-broken30" parent="." instance=ExtResource("3_pspr3")]
transform = Transform3D(-0.49855, -0.821835, -0.275743, 0.267224, -0.448306, 0.853003, -0.824645, 0.35158, 0.443117, -31.3234, 13.4131, 19.0124)

[node name="platform-ramp36" parent="." instance=ExtResource("4_aq3r7")]
transform = Transform3D(0.697662, 0.327309, -0.637288, 0.603279, 0.211394, 0.769004, 0.386421, -0.920967, -0.0499768, -31.9687, 15.4816, 16.7906)

[node name="platform-ramp37" parent="." instance=ExtResource("4_aq3r7")]
transform = Transform3D(0.482744, 0.804707, 0.345551, -0.550076, -0.0284103, 0.834632, 0.681451, -0.592992, 0.428935, -33.1638, 10.3355, 21.3859)

[node name="ladder-long16" parent="." instance=ExtResource("5_eum3g")]
transform = Transform3D(-0.851872, -0.498309, -0.161251, -0.502293, 0.690069, 0.521063, -0.148376, 0.524874, -0.838148, -33.7195, 10.6584, 23.9645)

[node name="vehicle15" parent="." instance=ExtResource("6_85ffg")]
transform = Transform3D(0.677301, -0.309101, 0.667622, -0.685619, 0.0639122, 0.72515, -0.266814, -0.948879, -0.168638, -34.8639, 9.72629, 26.2118)

[node name="wall15" parent="." instance=ExtResource("7_h6hfg")]
transform = Transform3D(-0.498551, -0.190778, 0.845607, 0.267223, 0.894153, 0.359279, -0.824645, 0.405085, -0.3948, -33.0445, 7.0364, 24.5531)

[node name="wheelchair16" parent="." instance=ExtResource("8_t1f87")]
transform = Transform3D(-0.498551, -0.190778, 0.845607, 0.267223, 0.894153, 0.359279, -0.824645, 0.405085, -0.3948, -33.1512, 8.63256, 28.7038)

[node name="ladder-broken31" parent="." instance=ExtResource("3_pspr3")]
transform = Transform3D(0.810652, 0.585475, 0.00786561, 0.439619, -0.617463, 0.652285, 0.386753, -0.525318, -0.757933, -34.9526, 8.7144, 27.6748)

[node name="vehicle-convertible17" parent="." instance=ExtResource("1_c4e26")]
transform = Transform3D(-0.387846, -0.870014, 0.304386, -0.720896, 0.492103, 0.488, -0.574356, -0.0301618, -0.81805, -33.4412, 11.4491, 24.0969)

[node name="fence-broken17" parent="." instance=ExtResource("2_8t62f")]
transform = Transform3D(-0.433222, 0.212985, 0.875761, 0.644557, 0.752386, 0.13587, -0.629972, 0.623339, -0.463232, -19.4606, 20.8837, 9.46708)

[node name="ladder-broken32" parent="." instance=ExtResource("3_pspr3")]
transform = Transform3D(-0.631488, -0.190778, 0.751549, 0.204149, 0.894154, 0.398513, -0.748028, 0.405085, -0.5257, -32.6742, 11.7875, 18.9416)

[node name="platform-ramp38" parent="." instance=ExtResource("4_aq3r7")]
transform = Transform3D(0.449415, 0.841624, -0.299489, 0.353751, 0.14018, 0.924776, 0.820296, -0.521553, -0.234727, -33.7803, 13.7273, 16.7866)

[node name="platform-ramp39" parent="." instance=ExtResource("4_aq3r7")]
transform = Transform3D(0.614482, 0.708978, 0.346066, -0.492473, 0.00201172, 0.870326, 0.616346, -0.705227, 0.350388, -33.9285, 8.68612, 21.6436)

[node name="ladder-long17" parent="." instance=ExtResource("5_eum3g")]
transform = Transform3D(-0.12263, -0.0842333, -0.988871, -0.722278, 0.69092, 0.0307159, 0.680644, 0.718007, -0.145567, -34.1208, 9.06636, 24.2667)

[node name="vehicle16" parent="." instance=ExtResource("6_85ffg")]
transform = Transform3D(0.377213, 0.512777, 0.771214, 0.847108, -0.527612, -0.0635271, 0.374326, 0.677264, -0.633399, -34.5866, 8.41817, 26.2069)

[node name="wall16" parent="." instance=ExtResource("7_h6hfg")]
transform = Transform3D(-0.631488, -0.190778, 0.751549, 0.204149, 0.894154, 0.398513, -0.748028, 0.405085, -0.5257, -33.1173, 5.51948, 24.8443)

[node name="wheelchair17" parent="." instance=ExtResource("8_t1f87")]
transform = Transform3D(-0.232887, -0.942146, 0.24109, -0.905626, 0.300447, 0.299289, -0.354409, -0.148637, -0.923202, -33.2397, 8.82228, 25.2204)

[node name="ladder-broken33" parent="." instance=ExtResource("3_pspr3")]
transform = Transform3D(0.826191, 0.543417, -0.148688, 0.504919, -0.597111, 0.62331, 0.249934, -0.590048, -0.767708, -34.6582, 7.18356, 28.1696)

[node name="poles16" parent="." instance=ExtResource("9_1tdjg")]
transform = Transform3D(-0.971567, -0.190778, 0.140219, -0.113048, 0.894153, 0.433255, -0.208033, 0.405085, -0.890297, -30.804, 14.0883, 17.7668)

[node name="poles17" parent="." instance=ExtResource("9_1tdjg")]
transform = Transform3D(-0.8821, 0.466062, 0.068453, 0.465089, 0.884739, -0.0305002, -0.0747782, 0.00493272, -0.997188, -32.8503, 10.6719, 19.8665)

[node name="vehicle-convertible18" parent="." instance=ExtResource("1_c4e26")]
transform = Transform3D(0.549344, 0.092743, -0.830434, -0.718601, -0.454729, -0.526149, -0.42642, 0.885787, -0.183158, -10.4993, 7.0422, 27.4726)

[node name="fence-broken18" parent="." instance=ExtResource("2_8t62f")]
transform = Transform3D(-0.537392, 0.0230286, -0.843019, 0.224225, 0.967548, -0.116504, 0.812979, -0.251634, -0.525116, -31.6164, 8.31325, 22.4739)

[node name="ladder-broken34" parent="." instance=ExtResource("3_pspr3")]
transform = Transform3D(-0.330547, 0.938901, 0.0959331, -0.215323, -0.173989, 0.960918, 0.918899, 0.296972, 0.259678, -13.9236, 5.31681, 27.4834)

[node name="platform-ramp40" parent="." instance=ExtResource("4_aq3r7")]
transform = Transform3D(-0.45035, -0.891832, 0.0426547, 0.706141, -0.326531, 0.628285, -0.546397, 0.313069, 0.776814, -15.8325, 5.85936, 29.8693)

[node name="platform-ramp41" parent="." instance=ExtResource("4_aq3r7")]
transform = Transform3D(0.369065, -0.880056, -0.298818, -0.0997164, -0.357155, 0.928707, -0.924039, -0.312956, -0.21957, -9.91127, 4.04509, 26.6021)

[node name="ladder-long18" parent="." instance=ExtResource("5_eum3g")]
transform = Transform3D(0.65843, 0.359269, -0.661359, -0.489978, 0.871617, -0.0143203, 0.571307, 0.33348, 0.749933, -8.03369, 5.72254, 25.7519)

[node name="vehicle17" parent="." instance=ExtResource("6_85ffg")]
