[gd_scene load_steps=3 format=3 uid="uid://c6vp54e66nrgo"]

[ext_resource type="PackedScene" uid="uid://b36jf5an84wmy" path="res://objects/ladder_long_SW.tscn" id="1_hvyeb"]
[ext_resource type="PackedScene" uid="uid://dfpisimsgf5ce" path="res://objects/coin.tscn" id="2_r1ube"]

[node name="LadderSkeleton" type="Node3D"]

[node name="ladder-extralong4" parent="." instance=ExtResource("1_hvyeb")]
transform = Transform3D(0.885387, -0.45074, 0.113695, 3.57908e-08, 0.24458, 0.969629, -0.464858, -0.858496, 0.216548, -21.3369, 15.172, -3.82141)

[node name="ladder-long4" parent="ladder-extralong4" instance=ExtResource("1_hvyeb")]
transform = Transform3D(1, 2.98023e-08, -7.45058e-09, 0, 1, -1.49012e-08, 0, -1.49012e-08, 1, 4.00543e-05, -1.99916, -0.00521755)

[node name="ladder-extralong" parent="." instance=ExtResource("1_hvyeb")]
transform = Transform3D(0.958317, -0.277028, 0.0698781, -4.34142e-09, 0.24458, 0.969629, -0.285705, -0.929213, 0.234385, -20.432, 12.6557, 3.13396)

[node name="ladder-long4" parent="ladder-extralong" instance=ExtResource("1_hvyeb")]
transform = Transform3D(1, 2.98023e-08, -7.45058e-09, 0, 1, -1.49012e-08, 0, -1.49012e-08, 1, 4.00543e-05, -1.99916, -0.00521755)

[node name="ladder-extralong5" parent="." instance=ExtResource("1_hvyeb")]
transform = Transform3D(0.982349, 0.17712, 0.0601646, -0.126049, 0.389137, 0.912515, 0.138213, -0.903992, 0.404595, -20.7799, 13.8812, -0.24252)

[node name="ladder-long4" parent="ladder-extralong5" instance=ExtResource("1_hvyeb")]
transform = Transform3D(1, 2.98023e-08, -7.45058e-09, 0, 1, -1.49012e-08, 0, -1.49012e-08, 1, 4.00543e-05, -1.99916, -0.00521755)

[node name="ladder-extralong7" parent="." instance=ExtResource("1_hvyeb")]
transform = Transform3D(0.885387, -0.45074, 0.113695, 3.57908e-08, 0.24458, 0.969629, -0.464858, -0.858496, 0.216548, -20.9573, 15.172, -4.25605)

[node name="ladder-long4" parent="ladder-extralong7" instance=ExtResource("1_hvyeb")]
transform = Transform3D(1, 2.98023e-08, -7.45058e-09, 0, 1, -1.49012e-08, 0, -1.49012e-08, 1, 4.00543e-05, -1.99916, -0.00521755)

[node name="ladder-extralong8" parent="." instance=ExtResource("1_hvyeb")]
transform = Transform3D(0.958317, -0.277028, 0.0698781, -4.34142e-09, 0.24458, 0.969629, -0.285705, -0.929213, 0.234385, -19.7368, 12.5685, 3.67)

[node name="ladder-long4" parent="ladder-extralong8" instance=ExtResource("1_hvyeb")]
transform = Transform3D(1, 2.98023e-08, -7.45058e-09, 0, 1, -1.49012e-08, 0, -1.49012e-08, 1, 4.00543e-05, -1.99916, -0.00521755)

[node name="ladder-extralong9" parent="." instance=ExtResource("1_hvyeb")]
transform = Transform3D(0.982349, 0.17712, 0.0601646, -0.126049, 0.389137, 0.912515, 0.138213, -0.903992, 0.404595, -20.4003, 13.8812, -0.677155)

[node name="ladder-long4" parent="ladder-extralong9" instance=ExtResource("1_hvyeb")]
transform = Transform3D(1, 2.98023e-08, -7.45058e-09, 0, 1, -1.49012e-08, 0, -1.49012e-08, 1, 4.00543e-05, -1.99916, -0.00521755)

[node name="ladder-extralong10" parent="." instance=ExtResource("1_hvyeb")]
transform = Transform3D(-0.130824, -0.934919, -0.329867, 0.11173, -0.34451, 0.93211, -0.98509, 0.085086, 0.149529, -18.2084, 15.2229, -2.56174)

[node name="ladder-long4" parent="ladder-extralong10" instance=ExtResource("1_hvyeb")]
transform = Transform3D(0.999376, 0.0287865, -0.0204948, -0.0323236, 0.979052, -0.201027, 0.0142786, 0.201564, 0.979371, -0.0398574, -1.83366, -0.36223)

[node name="ladder-extralong24" parent="." instance=ExtResource("1_hvyeb")]
transform = Transform3D(-0.181455, 0.915141, 0.359989, 0.11173, -0.34451, 0.93211, 0.977032, 0.209358, -0.0397356, -22.4281, 15.4123, -2.56174)

[node name="ladder-long4" parent="ladder-extralong24" instance=ExtResource("1_hvyeb")]
transform = Transform3D(0.999376, 0.0287865, -0.0204948, -0.0323236, 0.979052, -0.201027, 0.0142786, 0.201564, 0.979371, -0.0398574, -1.83366, -0.36223)

[node name="ladder-extralong11" parent="." instance=ExtResource("1_hvyeb")]
transform = Transform3D(0.0612146, -0.934927, -0.34952, 0.0961813, -0.343021, 0.934391, -0.99348, -0.0908157, 0.0689248, -18.5386, 14.2515, -0.230854)

[node name="ladder-long4" parent="ladder-extralong11" instance=ExtResource("1_hvyeb")]
transform = Transform3D(0.994774, 0.0238869, 0.0992672, 0.0208734, 0.904134, -0.42674, -0.0999443, 0.426582, 0.89891, -0.057703, -1.76439, -0.836884)

[node name="ladder-extralong12" parent="." instance=ExtResource("1_hvyeb")]
transform = Transform3D(0.110669, 0.906347, 0.407781, 0.100871, -0.418427, 0.902632, 0.988725, -0.0587605, -0.137731, -22.812, 14.7294, 0.0109072)

[node name="ladder-long4" parent="ladder-extralong12" instance=ExtResource("1_hvyeb")]
transform = Transform3D(0.998502, 0.04562, -0.0302187, -0.0533842, 0.933411, -0.354818, 0.0120197, 0.355899, 0.934448, -0.0884975, -1.84726, -0.7056)

[node name="ladder-extralong13" parent="." instance=ExtResource("1_hvyeb")]
transform = Transform3D(0.0717038, -0.994761, -0.0728553, 0.0202313, -0.0715771, 0.997229, -0.99722, -0.0729794, 0.0149932, -18.6252, 13.2282, 1.64088)

[node name="ladder-long4" parent="ladder-extralong13" instance=ExtResource("1_hvyeb")]
transform = Transform3D(0.996895, 0.0144737, 0.0774083, 0.0121258, 0.94303, -0.332486, -0.0778107, 0.332393, 0.939926, -0.0343328, -1.86215, -0.68091)

[node name="ladder-extralong15" parent="." instance=ExtResource("1_hvyeb")]
transform = Transform3D(0.118055, 0.990627, 0.0687081, 0.0202314, -0.0715769, 0.99723, 0.992801, -0.116338, -0.0284919, -23.0462, 13.2282, 1.94727)

[node name="ladder-long4" parent="ladder-extralong15" instance=ExtResource("1_hvyeb")]
transform = Transform3D(0.996895, 0.0144737, 0.0774083, 0.0121258, 0.94303, -0.332486, -0.0778107, 0.332393, 0.939926, -0.0343328, -1.86215, -0.68091)

[node name="ladder-extralong14" parent="." instance=ExtResource("1_hvyeb")]
transform = Transform3D(0.181953, -0.980513, -0.0740694, 0.0202313, -0.071577, 0.997229, -0.983099, -0.182948, 0.00681373, -17.4439, 12.582, 4.51465)

[node name="ladder-long4" parent="ladder-extralong14" instance=ExtResource("1_hvyeb")]
transform = Transform3D(0.996895, 0.0144737, 0.0774083, 0.0121258, 0.94303, -0.332486, -0.0778107, 0.332393, 0.939926, -0.0343328, -1.86215, -0.68091)

[node name="ladder-extralong16" parent="." instance=ExtResource("1_hvyeb")]
transform = Transform3D(0.362222, 0.930195, 0.0594171, 0.0202313, -0.0715769, 0.997229, 0.931872, -0.360017, -0.0447463, -22.1544, 12.582, 4.8502)

[node name="ladder-long4" parent="ladder-extralong16" instance=ExtResource("1_hvyeb")]
transform = Transform3D(0.996895, 0.0144737, 0.0774083, 0.0121258, 0.94303, -0.332486, -0.0778107, 0.332393, 0.939926, -0.0343328, -1.86215, -0.68091)

[node name="ladder-extralong17" parent="." instance=ExtResource("1_hvyeb")]
transform = Transform3D(0.451864, 0.890405, 0.0547423, 0.0202313, -0.0715769, 0.997229, 0.891857, -0.449505, -0.0503575, -22.5108, 12.9906, 3.75655)

[node name="ladder-long4" parent="ladder-extralong17" instance=ExtResource("1_hvyeb")]
transform = Transform3D(0.996895, 0.0144737, 0.0774083, 0.0121258, 0.94303, -0.332486, -0.0778107, 0.332393, 0.939926, -0.0343328, -1.86215, -0.68091)

[node name="ladder-extralong18" parent="." instance=ExtResource("1_hvyeb")]
transform = Transform3D(0.202707, -0.976425, -0.0741966, 0.0202312, -0.0715771, 0.997229, -0.97903, -0.203646, 0.00524551, -17.8462, 12.9906, 3.08114)

[node name="ladder-long4" parent="ladder-extralong18" instance=ExtResource("1_hvyeb")]
transform = Transform3D(0.996895, 0.0144737, 0.0774083, 0.0121258, 0.94303, -0.332486, -0.0778107, 0.332393, 0.939926, -0.0343328, -1.86215, -0.68091)

[node name="ladder-extralong19" parent="." instance=ExtResource("1_hvyeb")]
transform = Transform3D(-0.478439, -0.815868, -0.32474, 0.100871, -0.418427, 0.902632, -0.872309, 0.399097, 0.282489, -18.5946, 15.7896, -4.2119)

[node name="ladder-long4" parent="ladder-extralong19" instance=ExtResource("1_hvyeb")]
transform = Transform3D(0.999199, 0.0322809, -0.023645, -0.0368168, 0.973137, -0.227263, 0.0156736, 0.227951, 0.973547, -0.0494986, -1.79366, -0.448505)

[node name="ladder-extralong25" parent="." instance=ExtResource("1_hvyeb")]
transform = Transform3D(-0.197132, 0.880865, 0.430367, -0.137093, -0.459436, 0.877567, 0.970745, 0.113996, 0.211329, -23.1301, 15.9172, -3.85945)

[node name="ladder-long4" parent="ladder-extralong25" instance=ExtResource("1_hvyeb")]
transform = Transform3D(0.999199, 0.0322809, -0.023645, -0.0368168, 0.973137, -0.227263, 0.0156736, 0.227951, 0.973547, -0.0494986, -1.79366, -0.448505)

[node name="ladder-extralong20" parent="." instance=ExtResource("1_hvyeb")]
transform = Transform3D(0.0103032, -0.90677, -0.421497, 0.100871, -0.418427, 0.902632, -0.994847, -0.0518169, 0.0871558, -18.6261, 14.5409, -1.50353)

[node name="ladder-long4" parent="ladder-extralong20" instance=ExtResource("1_hvyeb")]
transform = Transform3D(0.999644, 0.0235464, 0.0126251, -0.0133357, 0.849206, -0.527895, -0.0231514, 0.527538, 0.849216, -0.0593572, -1.65202, -1.07236)

[node name="ladder-extralong21" parent="." instance=ExtResource("1_hvyeb")]
transform = Transform3D(-0.186536, 0.895196, 0.404756, -0.234253, -0.440631, 0.866585, 0.954113, 0.0668342, 0.291896, -22.6039, 15.1328, -1.3357)

[node name="ladder-long5" parent="ladder-extralong21" instance=ExtResource("1_hvyeb")]
transform = Transform3D(0.99773, 0.0283961, 0.061081, 0.00878555, 0.844196, -0.535966, -0.0667835, 0.535285, 0.842029, -0.0468514, -1.65202, -1.05695)

[node name="ladder-extralong22" parent="." instance=ExtResource("1_hvyeb")]
transform = Transform3D(0.132423, -0.954876, -0.265846, 0.0791619, -0.257162, 0.96312, -0.988027, -0.148585, 0.0415359, -18.611, 13.8037, 0.850537)

[node name="ladder-long4" parent="ladder-extralong22" instance=ExtResource("1_hvyeb")]
transform = Transform3D(0.990618, 0.0421525, 0.129994, 0.0382013, 0.827901, -0.559573, -0.131209, 0.559289, 0.818523, -0.0827, -1.66125, -1.09619)

[node name="ladder-extralong23" parent="." instance=ExtResource("1_hvyeb")]
transform = Transform3D(-0.00359691, 0.966072, 0.258246, 0.0791619, -0.257162, 0.96312, 0.996856, 0.0239078, -0.0755513, -23.1013, 13.8298, 0.55796)

[node name="ladder-long4" parent="ladder-extralong23" instance=ExtResource("1_hvyeb")]
transform = Transform3D(0.990618, 0.0421525, 0.129994, 0.0382013, 0.827901, -0.559573, -0.131209, 0.559289, 0.818523, -0.0827, -1.66125, -1.09619)

[node name="coin2" parent="." instance=ExtResource("2_r1ube")]
transform = Transform3D(1, 0, 0, 0, 1, 0, 0, 0, 1, -17.5304, 13.216, 4.59437)

[node name="coin3" parent="." instance=ExtResource("2_r1ube")]
transform = Transform3D(1, 0, 0, 0, 1, 0, 0, 0, 1, -21.9549, 13.128, 4.85471)

[node name="coin4" parent="." instance=ExtResource("2_r1ube")]
transform = Transform3D(1, 0, 0, 0, 1, 0, 0, 0, 1, -18.0894, 13.5087, 2.97024)

[node name="coin5" parent="." instance=ExtResource("2_r1ube")]
transform = Transform3D(1, 0, 0, 0, 0.979494, -0.201471, 0, 0.201471, 0.979494, -22.261, 13.4584, 3.50038)

[node name="coin7" parent="." instance=ExtResource("2_r1ube")]
transform = Transform3D(1, 0, 0, 0, 0.979494, -0.201471, 0, 0.201471, 0.979494, -18.5754, 13.8082, 1.39485)

[node name="coin8" parent="." instance=ExtResource("2_r1ube")]
transform = Transform3D(1, 0, 0, 0, 0.979494, -0.201471, 0, 0.201471, 0.979494, -22.8256, 13.6449, 1.87492)

[node name="coin11" parent="." instance=ExtResource("2_r1ube")]
transform = Transform3D(1, 0, 0, 0, 0.979494, -0.201471, 0, 0.201471, 0.979494, -18.6677, 14.2773, 0.823136)

[node name="coin12" parent="." instance=ExtResource("2_r1ube")]
transform = Transform3D(1, 0, 0, 0, 0.979494, -0.201471, 0, 0.201471, 0.979494, -22.7849, 14.4377, 0.625604)

[node name="coin9" parent="." instance=ExtResource("2_r1ube")]
transform = Transform3D(1, 0, 0, 0, 0.979494, -0.201471, 0, 0.201471, 0.979494, -22.548, 15.0475, -0.157005)

[node name="coin10" parent="." instance=ExtResource("2_r1ube")]
transform = Transform3D(1, 0, 0, 0, 0.979494, -0.201471, 0, 0.201471, 0.979494, -22.3752, 15.559, -1.35197)

[node name="coin6" parent="." instance=ExtResource("2_r1ube")]
transform = Transform3D(0.969723, 0, -0.244207, 0, 1, 0, 0.244207, 0, 0.969723, -18.6974, 14.7735, -0.243516)

[node name="coin13" parent="." instance=ExtResource("2_r1ube")]
transform = Transform3D(0.969723, 0, -0.244207, 0, 1, 0, 0.244207, 0, 0.969723, -22.442, 16.096, -2.43132)

[node name="coin17" parent="." instance=ExtResource("2_r1ube")]
transform = Transform3D(0.969723, 0, -0.244207, 0, 1, 0, 0.244207, 0, 0.969723, -22.8017, 16.3987, -3.81414)

[node name="coin14" parent="." instance=ExtResource("2_r1ube")]
transform = Transform3D(0.969723, 0, -0.244207, 0, 1, 0, 0.244207, 0, 0.969723, -18.6532, 15.3578, -1.38276)

[node name="coin15" parent="." instance=ExtResource("2_r1ube")]
transform = Transform3D(0.969723, 0, -0.244207, 0, 1, 0, 0.244207, 0, 0.969723, -18.2022, 15.8439, -2.62527)

[node name="coin16" parent="." instance=ExtResource("2_r1ube")]
transform = Transform3D(0.969723, 0, -0.244207, 0, 1, 0, 0.244207, 0, 0.969723, -18.2435, 16.4964, -4.35064)
