[gd_scene load_steps=8 format=3 uid="uid://d01wbr0fv34ia"]

[ext_resource type="PackedScene" uid="uid://biyd6x403gvny" path="res://models/core_models/platform-falling.glb" id="1_acgun"]
[ext_resource type="Texture2D" uid="uid://72ldk18ropuj" path="res://models/props/Textures/colormap.png" id="2_rekk1"]
[ext_resource type="PackedScene" uid="uid://crjxc823ldoc3" path="res://models/props/flowers.glb" id="3_se2sa"]
[ext_resource type="PackedScene" uid="uid://vbb1wwb33dca" path="res://objects/heart_emissive.tscn" id="4_ctty7"]

[sub_resource type="StandardMaterial3D" id="StandardMaterial3D_xec8c"]
albedo_texture = ExtResource("2_rekk1")
uv1_offset = Vector3(2.97, 0, 0)

[sub_resource type="PhysicsMaterial" id="PhysicsMaterial_8y38s"]

[sub_resource type="BoxShape3D" id="BoxShape3D_cypsh"]
size = Vector3(2.4198, 0.5, 2.50244)

[node name="platform-moving" instance=ExtResource("1_acgun")]

[node name="platform-falling2" parent="." index="0"]
transform = Transform3D(2.4531, 0, 0, 0, 1, 0, 0, 0, 2.48221, 0, 0, 0)
visible = false
surface_material_override/0 = SubResource("StandardMaterial3D_xec8c")

[node name="AnimatableBody3D" type="AnimatableBody3D" parent="." index="1"]
transform = Transform3D(1, 0, 0, 0, 1, 0, 0, 0, 1, 0, 0.25, 0)
physics_material_override = SubResource("PhysicsMaterial_8y38s")
sync_to_physics = false

[node name="CollisionShape3D" type="CollisionShape3D" parent="AnimatableBody3D" index="0"]
transform = Transform3D(2, 0, 0, 0, 2, 0, 0, 0, 2, 0.150269, 0, 0.0522461)
shape = SubResource("BoxShape3D_cypsh")

[node name="flowers" parent="." index="2" instance=ExtResource("3_se2sa")]
transform = Transform3D(1, 0, 0, 0, 1, 0, 0, 0, 1, 0.154965, 0.5, 0.0808842)

[node name="flowers2" parent="." index="3" instance=ExtResource("3_se2sa")]
transform = Transform3D(0.658558, 0, -0.75253, 0, 1, 0, 0.75253, 0, 0.658558, -0.225122, 0.5, 0.0808842)

[node name="flowers3" parent="." index="4" instance=ExtResource("3_se2sa")]
transform = Transform3D(0.658558, 0, -0.75253, 0, 1, 0, 0.75253, 0, 0.658558, 0.110125, 0.5, -0.250034)

[node name="flowers4" parent="." index="5" instance=ExtResource("3_se2sa")]
transform = Transform3D(0.35006, 0, -0.936727, 0, 1, 0, 0.936727, 0, 0.35006, 0.331123, 0.5, -0.0537336)

[node name="flowers5" parent="." index="6" instance=ExtResource("3_se2sa")]
transform = Transform3D(0.35006, 0, -0.936727, 0, 1, 0, 0.936727, 0, 0.35006, 0.061733, 0.5, 0.131931)

[node name="flowers11" parent="." index="7" instance=ExtResource("3_se2sa")]
transform = Transform3D(0.35006, 0, -0.936727, 0, 1, 0, 0.936727, 0, 0.35006, 0.416782, 0.5, 0.517359)

[node name="flowers12" parent="." index="8" instance=ExtResource("3_se2sa")]
transform = Transform3D(0.986523, -0.0507672, 0.155544, 0.0771015, 0.982722, -0.168263, -0.144314, 0.177989, 0.973393, 0.546707, 0.5, -0.438716)

[node name="flowers6" parent="." index="9" instance=ExtResource("3_se2sa")]
transform = Transform3D(0.937711, -0.178287, -0.29818, 0.169904, 0.983979, -0.0540273, 0.303035, 0, 0.952979, 0.486754, 0.5, 0.097714)

[node name="flowers7" parent="." index="10" instance=ExtResource("3_se2sa")]
transform = Transform3D(0.399549, 0, -0.916712, 0.128548, 0.990119, 0.0560277, 0.907654, -0.140227, 0.395601, -0.235587, 0.5, 0.387914)

[node name="flowers8" parent="." index="11" instance=ExtResource("3_se2sa")]
transform = Transform3D(0.382357, 0.290184, -0.877266, -0.115943, 0.956971, 0.266016, 0.916712, 0, 0.399549, -0.452079, 0.5, -0.231232)

[node name="flowers9" parent="." index="12" instance=ExtResource("3_se2sa")]
transform = Transform3D(0.0497386, 0, -0.998762, -0.198267, 0.980098, -0.00987374, 0.978885, 0.198513, 0.0487487, 0.335297, 0.5, -0.446695)

[node name="flowers10" parent="." index="13" instance=ExtResource("3_se2sa")]
transform = Transform3D(0.0497386, 0, -0.998762, -0.201973, 0.979339, -0.0100583, 0.978127, 0.202223, 0.048711, 0.0223107, 0.5, -0.43116)

[node name="heart14" parent="." index="14" instance=ExtResource("4_ctty7")]
transform = Transform3D(-0.00368936, -4.8359, 1.27044, -0.0120313, 1.27045, 4.83589, -4.99998, 0.000511199, -0.0125738, 0.00206375, 0.0396976, 0)

[node name="heart18" parent="." index="15" instance=ExtResource("4_ctty7")]
transform = Transform3D(1.64875, -4.56441, 1.20323, -0.0120314, 1.27045, 4.83589, -4.72032, -1.59753, 0.407949, -0.735826, 0.0396976, -0.734336)

[node name="heart19" parent="." index="16" instance=ExtResource("4_ctty7")]
transform = Transform3D(2.56105, 4.15493, -1.08518, -0.0120311, 1.27045, 4.83589, 4.29428, -2.47438, 0.660735, 0.72424, 0.0396976, -0.49093)

[node name="heart20" parent="." index="17" instance=ExtResource("4_ctty7")]
transform = Transform3D(4.99559, -0.199729, 0.0649002, -0.0120311, 1.27045, 4.83589, -0.209664, -4.83178, 1.26885, 0.0674593, 0.0396976, -0.949385)

[node name="heart21" parent="." index="18" instance=ExtResource("4_ctty7")]
transform = Transform3D(-1.41185, 4.63824, -1.22204, -0.0120314, 1.27045, 4.83589, 4.79651, 1.36845, -0.347575, 0.746066, 0.0396976, 0.711544)

[node name="heart22" parent="." index="19" instance=ExtResource("4_ctty7")]
transform = Transform3D(-2.2353, -4.3271, 1.13122, -0.0120311, 1.27045, 4.83589, -4.4725, 2.15921, -0.578378, -0.851073, 0.0396976, 0.476753)

[node name="heart23" parent="." index="20" instance=ExtResource("4_ctty7")]
transform = Transform3D(-4.99912, 0.0868502, -0.0352544, -0.0120311, 1.27045, 4.83589, 0.0929574, 4.83512, -1.27002, 0.019892, 0.0396976, 0.984928)

[node name="heart15" parent="." index="21" instance=ExtResource("4_ctty7")]
transform = Transform3D(4.99991, 0.0299578, 0.00456908, -0.0120313, 1.27045, 4.83589, 0.0278135, -4.83581, 1.2705, 0.00206375, 0.0396976, 0)

[node name="heart16" parent="." index="22" instance=ExtResource("4_ctty7")]
transform = Transform3D(0.0473217, 4.83572, -1.27029, -0.0120313, 1.27045, 4.83589, 4.99976, -0.0427118, 0.0236599, 0.00206375, 0.0396976, 0)

[node name="heart17" parent="." index="23" instance=ExtResource("4_ctty7")]
transform = Transform3D(-4.9998, -0.0443906, -0.000777194, -0.0120313, 1.27045, 4.83589, -0.0427361, 4.8357, -1.27051, 0.00206375, 0.0396976, 0)
