[gd_scene load_steps=9 format=3 uid="uid://bquu1w6urf658"]

[ext_resource type="PackedScene" uid="uid://rjh4ifidqrfp" path="res://objects/platform_medium.tscn" id="1_ffpkg"]
[ext_resource type="PackedScene" uid="uid://chqgqgdxmnujr" path="res://objects/vehicle.tscn" id="2_qudmw"]
[ext_resource type="PackedScene" uid="uid://b8cnpjl0np7tt" path="res://objects/poles_2.tscn" id="3_pi7pq"]
[ext_resource type="PackedScene" uid="uid://crv1t7lrqdkx0" path="res://objects/fence_broken_2.tscn" id="4_ixj77"]
[ext_resource type="PackedScene" uid="uid://cb0jdactv4w6p" path="res://objects/key_2.tscn" id="5_fc1uy"]
[ext_resource type="PackedScene" uid="uid://bqyo0l3wovjgx" path="res://objects/ladder_broken_BW.tscn" id="6_4pxoe"]
[ext_resource type="PackedScene" uid="uid://dbr3dh46cbskt" path="res://objects/wall.tscn" id="7_g4fw5"]

[sub_resource type="BoxShape3D" id="BoxShape3D_ckb4v"]
size = Vector3(2.69214, 1, 2.54126)

[node name="Platform_2" type="Node3D"]

[node name="platform-medium" parent="." instance=ExtResource("1_ffpkg")]
transform = Transform3D(0.882817, -0.218357, 0.415877, 0.14565, 0.968994, 0.19959, -0.446564, -0.115629, 0.887248, -3.30078, -1.04907, -1.94317)
visible = false

[node name="vehicle" parent="." instance=ExtResource("2_qudmw")]
transform = Transform3D(0.579751, 0.210087, -0.787244, 0, -0.966187, -0.257841, -0.814794, 0.149484, -0.560148, -2.91001, -0.590867, -2.22141)

[node name="vehicle4" parent="." instance=ExtResource("2_qudmw")]
transform = Transform3D(0.243228, -0.629364, 0.738066, -0.341848, 0.656474, 0.672444, -0.907733, -0.415864, -0.0554743, -1.89623, -1.07835, -1.9427)

[node name="vehicle2" parent="." instance=ExtResource("2_qudmw")]
transform = Transform3D(0.951654, 0.270106, -0.14628, 0.292929, -0.941346, 0.167509, -0.0924551, -0.202261, -0.974958, -4.53718, -1.07329, -2.36533)

[node name="vehicle3" parent="." instance=ExtResource("2_qudmw")]
transform = Transform3D(0.292002, 0.930594, -0.220747, 0.951939, -0.305099, -0.0269777, -0.0924551, -0.202261, -0.974958, -3.59106, -1.40099, -2.36533)

[node name="poles2" parent="." instance=ExtResource("3_pi7pq")]
transform = Transform3D(1, 0, 0, 0, 0.181789, 0.983338, 0, -0.983338, 0.181789, -4.47794, -1.33851, -1.39856)

[node name="poles3" parent="." instance=ExtResource("3_pi7pq")]
transform = Transform3D(0.84778, -0.521511, 0.0964116, 0, 0.181789, 0.983338, -0.530348, -0.833654, 0.154117, -2.74279, -1.08414, -2.9522)

[node name="poles4" parent="." instance=ExtResource("3_pi7pq")]
transform = Transform3D(0.84778, -0.521511, 0.0964116, 0, 0.181789, 0.983338, -0.530348, -0.833654, 0.154117, -2.30911, -0.630044, -0.762791)

[node name="fence-broken2" parent="." instance=ExtResource("4_ixj77")]
transform = Transform3D(0.658217, -0.750611, -0.0577432, 0, -0.0767016, 0.997054, -0.752829, -0.656278, -0.0504863, -3.79003, -1.19939, -1.61753)

[node name="key2" parent="." instance=ExtResource("5_fc1uy")]
transform = Transform3D(1, 0, 0, 0, 1, 0, 0, 0, 1, -3.18333, -0.887701, -2.5703)

[node name="key3" parent="." instance=ExtResource("5_fc1uy")]
transform = Transform3D(1, 0, 0, 0, 0.111746, 0.993737, 0, -0.993737, 0.111746, -3.18333, -0.581435, -1.11069)

[node name="key4" parent="." instance=ExtResource("5_fc1uy")]
transform = Transform3D(1, 0, 0, 0, 0.111746, 0.993737, 0, -0.993737, 0.111746, -3.96268, -0.731461, -1.78803)

[node name="key5" parent="." instance=ExtResource("5_fc1uy")]
transform = Transform3D(1, 0, 0, 0, 0.111746, 0.993737, 0, -0.993737, 0.111746, -3.96268, -0.742599, -2.42885)

[node name="key6" parent="." instance=ExtResource("5_fc1uy")]
transform = Transform3D(0.875389, -0.480392, 0.0540204, 0, 0.111746, 0.993737, -0.48342, -0.869906, 0.0978215, -3.96268, -1.12097, -2.22696)

[node name="key7" parent="." instance=ExtResource("5_fc1uy")]
transform = Transform3D(0.875389, -0.480392, 0.0540204, 0, 0.111746, 0.993737, -0.48342, -0.869906, 0.0978215, -3.54715, -0.742599, -2.05024)

[node name="ladder-broken2" parent="." instance=ExtResource("6_4pxoe")]
transform = Transform3D(1, 0, 0, 0, -0.164135, 0.986438, 0, -0.986438, -0.164135, -1.66456, -0.235182, -1.26917)

[node name="ladder-broken3" parent="." instance=ExtResource("6_4pxoe")]
transform = Transform3D(0.844711, 0.527964, 0.0878489, 4.20047e-09, -0.164135, 0.986438, 0.535222, -0.833255, -0.138647, -3.69761, -0.562806, -0.873731)

[node name="ladder-broken4" parent="." instance=ExtResource("6_4pxoe")]
transform = Transform3D(0.366962, 0.913342, -0.176484, 0.0957117, 0.151642, 0.98379, 0.925299, -0.377905, -0.0317705, -3.93317, -0.571389, -0.41647)

[node name="ladder-broken6" parent="." instance=ExtResource("6_4pxoe")]
transform = Transform3D(0.529537, 0.84828, 0.00354028, 0.0259876, -0.0203939, 0.999454, 0.847889, -0.529155, -0.032844, -4.39571, -1.14853, -2.68717)

[node name="ladder-broken5" parent="." instance=ExtResource("6_4pxoe")]
transform = Transform3D(0.984087, -0.175276, -0.0291645, -0.0177248, -0.260152, 0.965405, -0.176799, -0.949526, -0.259119, -2.45824, -0.544976, -2.47198)

[node name="wall" parent="." instance=ExtResource("7_g4fw5")]
transform = Transform3D(-0.177471, -0.873845, 0.452657, 0.984093, -0.16138, 0.0742876, 0.0081337, 0.458639, 0.888585, -3.53138, -0.673348, -1.10163)

[node name="StaticBody3D" type="StaticBody3D" parent="."]

[node name="CollisionShape3D" type="CollisionShape3D" parent="StaticBody3D"]
transform = Transform3D(0.884362, -0.196126, 0.423602, 0.110769, 0.969706, 0.217715, -0.453469, -0.145617, 0.879296, -3.16577, -1.15917, -2.01344)
shape = SubResource("BoxShape3D_ckb4v")
