[gd_scene load_steps=7 format=3 uid="uid://26nobbqnacfu"]

[ext_resource type="PackedScene" uid="uid://rjh4ifidqrfp" path="res://objects/platform_medium.tscn" id="1_5aycb"]
[ext_resource type="PackedScene" uid="uid://bobeiftpdfg2x" path="res://models/prototyping/models/wall-diagonal.glb" id="2_b1cjw"]
[ext_resource type="PackedScene" uid="uid://ch54hxnoado4n" path="res://objects/car_02.tscn" id="3_hxkkn"]
[ext_resource type="PackedScene" uid="uid://b36jf5an84wmy" path="res://objects/ladder_long_SW.tscn" id="4_ocvlf"]
[ext_resource type="PackedScene" uid="uid://chqgqgdxmnujr" path="res://objects/vehicle.tscn" id="5_enx1j"]
[ext_resource type="PackedScene" uid="uid://b8cnpjl0np7tt" path="res://objects/poles_2.tscn" id="6_twerk"]

[node name="Platform_1" type="Node3D"]

[node name="platform-medium14" parent="." instance=ExtResource("1_5aycb")]
transform = Transform3D(0.926096, -0.194334, -0.323389, 0.177765, 0.98079, -0.0803155, 0.332785, 0.0168926, 0.942851, -9.45399, -0.168955, -2.45486)
visible = false

[node name="wall-diagonal2" parent="." instance=ExtResource("2_b1cjw")]
transform = Transform3D(-0.0923533, 0.936384, -0.33861, -0.65358, 0.199545, 0.730079, 0.751202, 0.288734, 0.593573, -8.83868, 0.355651, -3.13001)

[node name="vehicle-convertible" parent="." instance=ExtResource("3_hxkkn")]
transform = Transform3D(1, 3.72529e-09, 0, -1.21072e-08, -0.999849, 0.0174, 0, -0.0174, -0.999849, -9.86952, 0.274271, -3.60052)

[node name="vehicle-convertible2" parent="." instance=ExtResource("3_hxkkn")]
transform = Transform3D(0.0516911, -0.0173768, -0.998512, 3.72529e-09, -0.999849, 0.0174, -0.998663, -0.000899427, -0.0516833, -9.86952, 0.274271, -1.95387)

[node name="vehicle-convertible3" parent="." instance=ExtResource("3_hxkkn")]
transform = Transform3D(0.0516911, -0.0173768, -0.998512, 0.947948, -0.313721, 0.0545331, -0.314202, -0.949356, 0.000255436, -10.4813, 0.0985973, -1.95387)

[node name="ladder-long2" parent="." instance=ExtResource("4_ocvlf")]
transform = Transform3D(0.962918, -0.269791, 0.00111129, 1.86265e-08, -0.00411896, -0.999992, 0.269794, 0.96291, -0.00396622, -10.5168, 0.0968043, -3.34908)

[node name="ladder-long3" parent="." instance=ExtResource("4_ocvlf")]
transform = Transform3D(0.654279, 0.756247, -0.00311496, 3.72529e-09, -0.00411895, -0.999991, -0.756253, 0.654273, -0.00269495, -10.168, 0.366738, -3.34908)

[node name="vehicle" parent="." instance=ExtResource("5_enx1j")]
transform = Transform3D(1, 0, 1.49012e-08, -1.21072e-08, 0.194902, -0.980823, 0, 0.980823, 0.194902, -9.05612, -0.0690006, -1.45257)

[node name="poles2" parent="." instance=ExtResource("6_twerk")]
transform = Transform3D(0.00757468, 0.999971, 0, 0.191694, -0.00145207, 0.981454, 0.981425, -0.00743419, -0.1917, -9.36462, 0.36168, -3.26482)

[node name="poles3" parent="." instance=ExtResource("6_twerk")]
transform = Transform3D(0.00757468, 0.999971, -3.72529e-09, 0.191694, -0.00145207, 0.981454, 0.981425, -0.00743419, -0.1917, -9.36462, 0.36168, -2.07595)

[node name="poles4" parent="." instance=ExtResource("6_twerk")]
transform = Transform3D(0.00757468, 0.999971, -3.72529e-09, 0.191694, -0.00145207, 0.981454, 0.981425, -0.00743419, -0.1917, -11.1503, 0.36168, -2.07595)

[node name="poles5" parent="." instance=ExtResource("6_twerk")]
transform = Transform3D(0.00757465, 0.999971, -3.72529e-09, 0.191694, -0.00145207, 0.981454, 0.981425, -0.00743419, -0.1917, -11.1503, -1.74933, -2.07595)
