[gd_scene load_steps=4 format=3 uid="uid://qk3gvsucr31w"]

[ext_resource type="PackedScene" uid="uid://do8sg1k5xvj2h" path="res://models/core_models/platform.glb" id="1_38fsq"]
[ext_resource type="PackedScene" uid="uid://bjf7nnqb2vgjd" path="res://models/props/flowers-tall.glb" id="2_jv8rg"]

[sub_resource type="ConcavePolygonShape3D" id="ConcavePolygonShape3D_hyw7p"]
data = PackedVector3Array(-0.9, 0, -0.72, -1, 0.2, -0.8, -1, 0.2, 0.8, -1, 0.2, 0.8, -0.9, 0, 0.72, -0.9, 0, -0.72, -0.95, 0.5, -0.95, -0.95, 0.2, -0.95, -0.8, 0.2, -1, -0.8, 0.2, -1, -0.8, 0.5, -1, -0.95, 0.5, -0.95, -1, 0.2, -0.8, -0.95, 0.2, -0.95, -0.95, 0.5, -0.95, -0.95, 0.5, -0.95, -1, 0.5, -0.8, -1, 0.2, -0.8, -1, 0.2, 0.8, -1, 0.2, -0.8, -1, 0.5, -0.8, -1, 0.5, -0.8, -1, 0.5, 0.8, -1, 0.2, 0.8, 0.8, 0.5, -1, 0.8, 0.2, -1, 0.95, 0.2, -0.95, 0.95, 0.2, -0.95, 0.95, 0.5, -0.95, 0.8, 0.5, -1, -0.8, 0.5, -1, -0.8, 0.2, -1, 0.8, 0.2, -1, 0.8, 0.2, -1, 0.8, 0.5, -1, -0.8, 0.5, -1, 1, 0.5, -0.8, 0.95, 0.5, -0.95, 0.95, 0.2, -0.95, 0.95, 0.2, -0.95, 1, 0.2, -0.8, 1, 0.5, -0.8, -0.8, 0.5, 1, -0.8, 0.2, 1, -0.95, 0.2, 0.95, -0.95, 0.2, 0.95, -0.95, 0.5, 0.95, -0.8, 0.5, 1, -0.95, 0.2, 0.95, -1, 0.2, 0.8, -1, 0.5, 0.8, -1, 0.5, 0.8, -0.95, 0.5, 0.95, -0.95, 0.2, 0.95, -0.8, 0.2, -1, -0.72, 0, -0.9, 0.72, 0, -0.9, 0.72, 0, -0.9, 0.8, 0.2, -1, -0.8, 0.2, -1, 1, 0.2, 0.8, 1, 0.2, -0.8, 0.9, 0, -0.72, 0.9, 0, -0.72, 0.9, 0, 0.72, 1, 0.2, 0.8, -0.95, 0.2, -0.95, -0.855, 0, -0.855, -0.72, 0, -0.9, -0.72, 0, -0.9, -0.8, 0.2, -1, -0.95, 0.2, -0.95, 1, 0.2, 0.8, 0.9, 0, 0.72, 0.855, 0, 0.855, 0.855, 0, 0.855, 0.95, 0.2, 0.95, 1, 0.2, 0.8, -0.855, 0, 0.855, -0.9, 0, 0.72, -1, 0.2, 0.8, -1, 0.2, 0.8, -0.95, 0.2, 0.95, -0.855, 0, 0.855, 0.8, 0.2, 1, 0.72, 0, 0.9, -0.72, 0, 0.9, -0.72, 0, 0.9, -0.8, 0.2, 1, 0.8, 0.2, 1, 0.95, 0.5, 0.95, 1, 0.5, 0.8, 1, 0.2, 0.8, 1, 0.2, 0.8, 0.95, 0.2, 0.95, 0.95, 0.5, 0.95, 1, 0.5, 0.8, 1, 0.5, -0.8, 1, 0.2, -0.8, 1, 0.2, -0.8, 1, 0.2, 0.8, 1, 0.5, 0.8, 1, 0.2, -0.8, 0.95, 0.2, -0.95, 0.855, 0, -0.855, 0.855, 0, -0.855, 0.9, 0, -0.72, 1, 0.2, -0.8, -0.855, 0, -0.855, -0.95, 0.2, -0.95, -1, 0.2, -0.8, -1, 0.2, -0.8, -0.9, 0, -0.72, -0.855, 0, -0.855, 0.8, 0.2, -1, 0.72, 0, -0.9, 0.855, 0, -0.855, 0.855, 0, -0.855, 0.95, 0.2, -0.95, 0.8, 0.2, -1, 0.95, 0.2, 0.95, 0.855, 0, 0.855, 0.72, 0, 0.9, 0.72, 0, 0.9, 0.8, 0.2, 1, 0.95, 0.2, 0.95, 0.855, 0, 0.855, 0.9, 0, 0.72, 0.9, 0, -0.72, 0.9, 0, -0.72, 0.855, 0, -0.855, 0.855, 0, 0.855, 0.855, 0, -0.855, 0.72, 0, 0.9, 0.855, 0, 0.855, 0.855, 0, -0.855, 0.72, 0, -0.9, 0.72, 0, 0.9, 0.72, 0, -0.9, -0.72, 0, 0.9, 0.72, 0, 0.9, 0.72, 0, -0.9, -0.72, 0, -0.9, -0.72, 0, 0.9, -0.72, 0, -0.9, -0.855, 0, -0.855, -0.72, 0, 0.9, -0.855, 0, -0.855, -0.855, 0, 0.855, -0.72, 0, 0.9, -0.855, 0, -0.855, -0.9, 0, -0.72, -0.855, 0, 0.855, -0.9, 0, -0.72, -0.9, 0, 0.72, -0.855, 0, 0.855, -0.8, 0.2, 1, -0.72, 0, 0.9, -0.855, 0, 0.855, -0.855, 0, 0.855, -0.95, 0.2, 0.95, -0.8, 0.2, 1, 0.95, 0.5, 0.95, 0.95, 0.2, 0.95, 0.8, 0.2, 1, 0.8, 0.2, 1, 0.8, 0.5, 1, 0.95, 0.5, 0.95, 0.8, 0.5, 1, 0.8, 0.2, 1, -0.8, 0.2, 1, -0.8, 0.2, 1, -0.8, 0.5, 1, 0.8, 0.5, 1, -0.95, 0.5, 0.95, -1, 0.5, 0.8, -1, 0.5, -0.8, -0.95, 0.5, 0.95, -1, 0.5, -0.8, -0.95, 0.5, -0.95, -0.8, 0.5, 1, -0.95, 0.5, 0.95, -0.95, 0.5, -0.95, -0.8, 0.5, 0.7675, -0.8, 0.5, 1, -0.95, 0.5, -0.95, -0.8, 0.5, -0.7675, -0.8, 0.5, 0.7675, -0.95, 0.5, -0.95, -0.8, 0.5, 1, -0.8, 0.5, 0.7675, -0.7919, 0.5, 0.7919, -0.8, 0.5, 1, -0.7919, 0.5, 0.7919, -0.7675, 0.5, 0.8, -0.8, 0.5, 1, -0.7675, 0.5, 0.8, 0.7675, 0.5, 0.8, -0.8, 0.5, -0.7675, -0.95, 0.5, -0.95, -0.8, 0.5, -1, 0.8, 0.5, 1, -0.8, 0.5, 1, 0.7675, 0.5, 0.8, -0.7919, 0.5, -0.7919, -0.8, 0.5, -0.7675, -0.8, 0.5, -1, -0.7675, 0.5, -0.8, -0.7919, 0.5, -0.7919, -0.8, 0.5, -1, 0.7675, 0.5, -0.8, -0.7675, 0.5, -0.8, -0.8, 0.5, -1, 0.8, 0.5, 1, 0.7675, 0.5, 0.8, 0.7919, 0.5, 0.7919, 0.7675, 0.5, -0.8, -0.8, 0.5, -1, 0.8, 0.5, -1, 0.7919, 0.5, -0.7919, 0.7675, 0.5, -0.8, 0.8, 0.5, -1, 0.8, 0.5, -0.7675, 0.7919, 0.5, -0.7919, 0.8, 0.5, -1, 0.8, 0.5, 0.7675, 0.8, 0.5, -0.7675, 0.8, 0.5, -1, 0.8, 0.5, 1, 0.7919, 0.5, 0.7919, 0.8, 0.5, 0.7675, 0.8, 0.5, -1, 0.95, 0.5, -0.95, 0.8, 0.5, 0.7675, 0.8, 0.5, 1, 0.8, 0.5, 0.7675, 0.95, 0.5, -0.95, 0.95, 0.5, 0.95, 0.8, 0.5, 1, 0.95, 0.5, -0.95, 0.95, 0.5, 0.95, 0.95, 0.5, -0.95, 1, 0.5, -0.8, 1, 0.5, -0.8, 1, 0.5, 0.8, 0.95, 0.5, 0.95, 0.8, 0.5, -0.7675, 0.8, 0.5, 0.7675, 0.7919, 0.5, 0.7919, 0.7919, 0.5, 0.7919, 0.7919, 0.5, -0.7919, 0.8, 0.5, -0.7675, 0.7919, 0.5, 0.7919, 0.7675, 0.5, 0.8, 0.7919, 0.5, -0.7919, 0.7675, 0.5, 0.8, 0.7675, 0.5, -0.8, 0.7919, 0.5, -0.7919, 0.7675, 0.5, 0.8, 0.6, 0.5, -0.6, 0.7675, 0.5, -0.8, 0.6, 0.5, -0.6, -0.7675, 0.5, -0.8, 0.7675, 0.5, -0.8, 0.7675, 0.5, 0.8, 0.6, 0.5, 0.6, 0.6, 0.5, -0.6, 0.6, 0.5, -0.6, -0.6, 0.5, -0.6, -0.7675, 0.5, -0.8, 0.6, 0.5, 0.6, 0.7675, 0.5, 0.8, -0.7675, 0.5, 0.8, -0.6, 0.5, -0.6, -0.6, 0.5, 0.6, -0.7675, 0.5, -0.8, -0.7675, 0.5, 0.8, -0.6, 0.5, 0.6, 0.6, 0.5, 0.6, -0.7675, 0.5, 0.8, -0.7675, 0.5, -0.8, -0.6, 0.5, 0.6, -0.7675, 0.5, 0.8, -0.7919, 0.5, -0.7919, -0.7675, 0.5, -0.8, -0.7675, 0.5, 0.8, -0.7919, 0.5, 0.7919, -0.7919, 0.5, -0.7919, -0.7919, 0.5, 0.7919, -0.8, 0.5, -0.7675, -0.7919, 0.5, -0.7919, -0.7919, 0.5, 0.7919, -0.8, 0.5, 0.7675, -0.8, 0.5, -0.7675, 0.6, 0.5, -0.6, 0.6, 0.5, 0.6, -0.6, 0.5, 0.6, -0.6, 0.5, 0.6, -0.6, 0.5, -0.6, 0.6, 0.5, -0.6, -0.45, 0.5, -0.2788, -0.4946, 0.5, -0.3391, -0.4946, 0.55, -0.3391, -0.4946, 0.55, -0.3391, -0.45, 0.55, -0.2788, -0.45, 0.5, -0.2788, -0.3372, 0.55, -0.3156, -0.3372, 0.5, -0.3156, -0.3975, 0.5, -0.271, -0.3975, 0.5, -0.271, -0.3975, 0.55, -0.271, -0.3372, 0.55, -0.3156, -0.3294, 0.55, -0.3681, -0.374, 0.55, -0.4284, -0.374, 0.5, -0.4284, -0.374, 0.5, -0.4284, -0.3294, 0.5, -0.3681, -0.3294, 0.55, -0.3681, -0.4867, 0.55, -0.3916, -0.4867, 0.5, -0.3916, -0.4265, 0.5, -0.4362, -0.4265, 0.5, -0.4362, -0.4265, 0.55, -0.4362, -0.4867, 0.55, -0.3916, -0.4265, 0.55, -0.4362, -0.374, 0.55, -0.4284, -0.3294, 0.55, -0.3681, -0.3294, 0.55, -0.3681, -0.3372, 0.55, -0.3156, -0.4265, 0.55, -0.4362, -0.3372, 0.55, -0.3156, -0.3975, 0.55, -0.271, -0.4265, 0.55, -0.4362, -0.3975, 0.55, -0.271, -0.4867, 0.55, -0.3916, -0.4265, 0.55, -0.4362, -0.3975, 0.55, -0.271, -0.4946, 0.55, -0.3391, -0.4867, 0.55, -0.3916, -0.3975, 0.55, -0.271, -0.45, 0.55, -0.2788, -0.4946, 0.55, -0.3391, -0.3975, 0.55, -0.271, -0.3975, 0.5, -0.271, -0.45, 0.5, -0.2788, -0.45, 0.5, -0.2788, -0.45, 0.55, -0.2788, -0.3975, 0.55, -0.271, -0.4946, 0.5, -0.3391, -0.4867, 0.5, -0.3916, -0.4867, 0.55, -0.3916, -0.4867, 0.55, -0.3916, -0.4946, 0.55, -0.3391, -0.4946, 0.5, -0.3391, -0.3294, 0.55, -0.3681, -0.3294, 0.5, -0.3681, -0.3372, 0.5, -0.3156, -0.3372, 0.5, -0.3156, -0.3372, 0.55, -0.3156, -0.3294, 0.55, -0.3681, -0.4265, 0.55, -0.4362, -0.4265, 0.5, -0.4362, -0.374, 0.5, -0.4284, -0.374, 0.5, -0.4284, -0.374, 0.55, -0.4284, -0.4265, 0.55, -0.4362, -0.2345, 0.5, -0.2685, -0.1786, 0.5, -0.4077, -0.1786, 0.55, -0.4077, -0.1786, 0.55, -0.4077, -0.2345, 0.55, -0.2685, -0.2345, 0.5, -0.2685, -0.0537, 0.55, -0.115, -0.0537, 0.5, -0.115, -0.1929, 0.5, -0.171, -0.1929, 0.5, -0.171, -0.1929, 0.55, -0.171, -0.0537, 0.55, -0.115, 0.0438, 0.55, -0.1566, 0.0998, 0.55, -0.2958, 0.0998, 0.5, -0.2958, 0.0998, 0.5, -0.2958, 0.0438, 0.5, -0.1566, 0.0438, 0.55, -0.1566, -0.081, 0.55, -0.4493, -0.081, 0.5, -0.4493, 0.0582, 0.5, -0.3934, 0.0582, 0.5, -0.3934, 0.0582, 0.55, -0.3934, -0.081, 0.55, -0.4493, 0.0582, 0.55, -0.3934, 0.0998, 0.55, -0.2958, 0.0438, 0.55, -0.1566, 0.0438, 0.55, -0.1566, -0.0537, 0.55, -0.115, 0.0582, 0.55, -0.3934, -0.0537, 0.55, -0.115, -0.081, 0.55, -0.4493, 0.0582, 0.55, -0.3934, -0.0537, 0.55, -0.115, -0.1929, 0.55, -0.171, -0.081, 0.55, -0.4493, -0.1929, 0.55, -0.171, -0.2345, 0.55, -0.2685, -0.081, 0.55, -0.4493, -0.2345, 0.55, -0.2685, -0.1786, 0.55, -0.4077, -0.081, 0.55, -0.4493, -0.1929, 0.55, -0.171, -0.1929, 0.5, -0.171, -0.2345, 0.5, -0.2685, -0.2345, 0.5, -0.2685, -0.2345, 0.55, -0.2685, -0.1929, 0.55, -0.171, -0.1786, 0.5, -0.4077, -0.081, 0.5, -0.4493, -0.081, 0.55, -0.4493, -0.081, 0.55, -0.4493, -0.1786, 0.55, -0.4077, -0.1786, 0.5, -0.4077, 0.0438, 0.55, -0.1566, 0.0438, 0.5, -0.1566, -0.0537, 0.5, -0.115, -0.0537, 0.5, -0.115, -0.0537, 0.55, -0.115, 0.0438, 0.55, -0.1566, 0.0582, 0.55, -0.3934, 0.0582, 0.5, -0.3934, 0.0998, 0.5, -0.2958, 0.0998, 0.5, -0.2958, 0.0998, 0.55, -0.2958, 0.0582, 0.55, -0.3934)

[node name="platform" instance=ExtResource("1_38fsq")]

[node name="platform2#StaticBody3D" type="StaticBody3D" parent="." index="0"]

[node name="platform2_StaticBody3D#CollisionShape3D" type="CollisionShape3D" parent="platform2#StaticBody3D" index="0"]
shape = SubResource("ConcavePolygonShape3D_hyw7p")

[node name="platform2" parent="." index="1"]
visible = false

[node name="flowers-tall2" parent="." index="2" instance=ExtResource("2_jv8rg")]
transform = Transform3D(1, 0, 0, 0, 1, 0, 0, 0, 1, -0.757301, 0.477487, 0.630605)

[node name="flowers-tall3" parent="." index="3" instance=ExtResource("2_jv8rg")]
transform = Transform3D(-0.673284, 0, 0.739384, 0, 1, 0, -0.739384, 0, -0.673284, -0.493581, 0.477487, 0.630605)

[node name="flowers-tall4" parent="." index="4" instance=ExtResource("2_jv8rg")]
transform = Transform3D(-0.0921446, 0, 0.995746, 0, 1, 0, -0.995746, 0, -0.0921446, -0.31337, 0.477487, 0.630605)

[node name="flowers-tall5" parent="." index="5" instance=ExtResource("2_jv8rg")]
transform = Transform3D(0.504889, 0, 0.863184, 0, 1, 0, -0.863184, 0, 0.504889, -0.0289412, 0.477487, 0.630605)

[node name="flowers-tall6" parent="." index="6" instance=ExtResource("2_jv8rg")]
transform = Transform3D(0.568863, 0, 0.822432, 0, 1, 0, -0.822432, 0, 0.568863, -0.0216756, 0.477487, 0.855589)

[node name="flowers-tall7" parent="." index="7" instance=ExtResource("2_jv8rg")]
transform = Transform3D(0.388819, 0, 0.921314, 0, 1, 0, -0.921314, 0, 0.388819, 0.350219, 0.477487, 0.72261)

[node name="flowers-tall8" parent="." index="8" instance=ExtResource("2_jv8rg")]
transform = Transform3D(-0.136718, 0, 0.99061, 0, 1, 0, -0.99061, 0, -0.136718, 0.495923, 0.477487, 0.72261)

[node name="flowers-tall9" parent="." index="9" instance=ExtResource("2_jv8rg")]
transform = Transform3D(0.375092, 0, 0.926988, 0, 1, 0, -0.926988, 0, 0.375092, 0.600191, 0.621719, 0.72261)

[node name="flowers-tall11" parent="." index="10" instance=ExtResource("2_jv8rg")]
transform = Transform3D(-0.989387, 0, 0.145306, 0, 1, 0, -0.145306, 0, -0.989387, 0.812979, 0.477487, 0.72261)

[node name="flowers-tall12" parent="." index="11" instance=ExtResource("2_jv8rg")]
transform = Transform3D(-0.989387, 0, 0.145306, 0, 1, 0, -0.145306, 0, -0.989387, 0.812979, 0.477487, 0.72261)

[node name="flowers-tall13" parent="." index="12" instance=ExtResource("2_jv8rg")]
transform = Transform3D(1, 0, 0, 0, 1, 0, 0, 0, 1, -0.757301, 0.477487, 0.230099)

[node name="flowers-tall14" parent="." index="13" instance=ExtResource("2_jv8rg")]
transform = Transform3D(0.290552, 0, 0.956859, 0, 1, 0, -0.956859, 0, 0.290552, -0.493581, 0.477487, 0.230099)

[node name="flowers-tall15" parent="." index="14" instance=ExtResource("2_jv8rg")]
transform = Transform3D(-0.0921446, 0, 0.995746, 0, 1, 0, -0.995746, 0, -0.0921446, -0.31337, 0.477487, 0.230099)

[node name="flowers-tall16" parent="." index="15" instance=ExtResource("2_jv8rg")]
transform = Transform3D(-0.349766, 0, 0.936837, 0, 1, 0, -0.936837, 0, -0.349766, -0.0289412, 0.477487, 0.230099)

[node name="flowers-tall17" parent="." index="16" instance=ExtResource("2_jv8rg")]
transform = Transform3D(0.568863, 0, 0.822432, 0, 1, 0, -0.822432, 0, 0.568863, 0.163042, 0.477487, 0.322104)

[node name="flowers-tall18" parent="." index="17" instance=ExtResource("2_jv8rg")]
transform = Transform3D(0.388819, 0, 0.921314, 0, 1, 0, -0.921314, 0, 0.388819, 0.350219, 0.477487, 0.322104)

[node name="flowers-tall19" parent="." index="18" instance=ExtResource("2_jv8rg")]
transform = Transform3D(-0.136718, 0, 0.99061, 0, 1, 0, -0.99061, 0, -0.136718, 0.495923, 0.477487, 0.322104)

[node name="flowers-tall20" parent="." index="19" instance=ExtResource("2_jv8rg")]
transform = Transform3D(-0.391598, 0, 0.920136, 0, 1, 0, -0.920136, 0, -0.391598, 0.600191, 0.477487, 0.322104)

[node name="flowers-tall25" parent="." index="20" instance=ExtResource("2_jv8rg")]
transform = Transform3D(0.290552, 0, 0.956859, 0, 1, 0, -0.956859, 0, 0.290552, -0.493581, 0.477487, -0.154014)

[node name="flowers-tall26" parent="." index="21" instance=ExtResource("2_jv8rg")]
transform = Transform3D(-0.0921446, 0, 0.995746, 0, 1, 0, -0.995746, 0, -0.0921446, -0.31337, 0.477487, -0.154014)

[node name="flowers-tall27" parent="." index="22" instance=ExtResource("2_jv8rg")]
transform = Transform3D(0.504889, 0, 0.863184, 0, 1, 0, -0.863184, 0, 0.504889, -0.0289412, 0.477487, -0.154014)

[node name="flowers-tall28" parent="." index="23" instance=ExtResource("2_jv8rg")]
transform = Transform3D(0.568863, 0, 0.822432, 0, 1, 0, -0.822432, 0, 0.568863, 0.163042, 0.477487, -0.0620092)

[node name="flowers-tall29" parent="." index="24" instance=ExtResource("2_jv8rg")]
transform = Transform3D(0.388819, 0, 0.921314, 0, 1, 0, -0.921314, 0, 0.388819, 0.350219, 0.477487, -0.0620092)

[node name="flowers-tall30" parent="." index="25" instance=ExtResource("2_jv8rg")]
transform = Transform3D(-0.136718, 0, 0.99061, 0, 1, 0, -0.99061, 0, -0.136718, 0.495923, 0.477487, -0.0620092)

[node name="flowers-tall31" parent="." index="26" instance=ExtResource("2_jv8rg")]
transform = Transform3D(-0.391598, 0, 0.920136, 0, 1, 0, -0.920136, 0, -0.391598, 0.600191, 0.477487, -0.0620092)

[node name="flowers-tall35" parent="." index="27" instance=ExtResource("2_jv8rg")]
transform = Transform3D(1, 0, 0, 0, 1, 0, 0, 0, 1, -0.757301, 0.477487, -0.451744)

[node name="flowers-tall36" parent="." index="28" instance=ExtResource("2_jv8rg")]
transform = Transform3D(0.290552, 0, 0.956859, 0, 1, 0, -0.956859, 0, 0.290552, -0.493581, 0.477487, -0.451744)

[node name="flowers-tall37" parent="." index="29" instance=ExtResource("2_jv8rg")]
transform = Transform3D(-0.0921446, 0, 0.995746, 0, 1, 0, -0.995746, 0, -0.0921446, -0.31337, 0.477487, -0.451744)

[node name="flowers-tall38" parent="." index="30" instance=ExtResource("2_jv8rg")]
transform = Transform3D(0.504889, 0, 0.863184, 0, 1, 0, -0.863184, 0, 0.504889, -0.0289412, 0.477487, -0.451744)

[node name="flowers-tall39" parent="." index="31" instance=ExtResource("2_jv8rg")]
transform = Transform3D(0.568863, 0, 0.822432, 0, 1, 0, -0.822432, 0, 0.568863, 0.163042, 0.477487, -0.359739)

[node name="flowers-tall40" parent="." index="32" instance=ExtResource("2_jv8rg")]
transform = Transform3D(0.388819, 0, 0.921314, 0, 1, 0, -0.921314, 0, 0.388819, 0.350219, 0.477487, -0.359739)

[node name="flowers-tall41" parent="." index="33" instance=ExtResource("2_jv8rg")]
transform = Transform3D(-0.136718, 0, 0.99061, 0, 1, 0, -0.99061, 0, -0.136718, 0.495923, 0.477487, -0.359739)

[node name="flowers-tall42" parent="." index="34" instance=ExtResource("2_jv8rg")]
transform = Transform3D(-0.391598, 0, 0.920136, 0, 1, 0, -0.920136, 0, -0.391598, 0.600191, 0.572209, -0.359739)

[node name="flowers-tall43" parent="." index="35" instance=ExtResource("2_jv8rg")]
transform = Transform3D(-0.756424, 0, 0.654081, 0, 1, 0, -0.654081, 0, -0.756424, 0.761786, 0.477487, -0.359739)

[node name="flowers-tall46" parent="." index="36" instance=ExtResource("2_jv8rg")]
transform = Transform3D(1, 0, 0, 0, 1, 0, 0, 0, 1, -0.757301, 0.477487, -0.824206)

[node name="flowers-tall47" parent="." index="37" instance=ExtResource("2_jv8rg")]
transform = Transform3D(0.290552, 0, 0.956859, 0, 1, 0, -0.956859, 0, 0.290552, -0.493581, 0.477487, -0.824206)

[node name="flowers-tall48" parent="." index="38" instance=ExtResource("2_jv8rg")]
transform = Transform3D(-0.0921446, 0, 0.995746, 0, 1, 0, -0.995746, 0, -0.0921446, -0.31337, 0.477487, -0.824206)

[node name="flowers-tall49" parent="." index="39" instance=ExtResource("2_jv8rg")]
transform = Transform3D(0.504889, 0, 0.863184, 0, 1, 0, -0.863184, 0, 0.504889, -0.0289412, 0.477487, -0.824206)

[node name="flowers-tall50" parent="." index="40" instance=ExtResource("2_jv8rg")]
transform = Transform3D(0.396187, 0, 0.91817, 0, 1, 0, -0.91817, 0, 0.396187, 0.163042, 0.552823, -0.732202)

[node name="flowers-tall51" parent="." index="41" instance=ExtResource("2_jv8rg")]
transform = Transform3D(0.388819, 0, 0.921314, 0, 1, 0, -0.921314, 0, 0.388819, 0.350219, 0.477487, -0.732202)

[node name="flowers-tall52" parent="." index="42" instance=ExtResource("2_jv8rg")]
transform = Transform3D(-0.136718, 0, 0.99061, 0, 1, 0, -0.99061, 0, -0.136718, 0.495923, 0.477487, -0.732202)

[node name="flowers-tall53" parent="." index="43" instance=ExtResource("2_jv8rg")]
transform = Transform3D(-0.391598, 0, 0.920136, 0, 1, 0, -0.920136, 0, -0.391598, 0.600191, 0.477487, -0.732202)

[node name="flowers-tall57" parent="." index="44" instance=ExtResource("2_jv8rg")]
transform = Transform3D(0.532596, -0.0248428, -0.846005, 0, 0.999569, -0.0293522, 0.84637, 0.0156329, 0.532366, -0.439186, 0.479206, -0.726977)

[node name="flowers-tall58" parent="." index="45" instance=ExtResource("2_jv8rg")]
transform = Transform3D(0.964254, -0.0248428, 0.263811, 0.0280859, 0.999569, -0.00852834, -0.263485, 0.0156329, 0.964537, -0.29873, 0.479206, -0.503773)

[node name="flowers-tall59" parent="." index="46" instance=ExtResource("2_jv8rg")]
transform = Transform3D(0.79333, -0.0248428, 0.608285, 0.0292273, 0.999569, 0.00270465, -0.60809, 0.0156329, 0.793714, -0.20275, 0.479206, -0.351247)

[node name="flowers-tall60" parent="." index="47" instance=ExtResource("2_jv8rg")]
transform = Transform3D(0.99916, -0.0248428, 0.0325892, 0.0253364, 0.999569, -0.0148196, -0.032207, 0.0156329, 0.999359, -0.0512644, 0.479206, -0.110515)

[node name="flowers-tall61" parent="." index="48" instance=ExtResource("2_jv8rg")]
transform = Transform3D(0.998756, -0.0248428, -0.0432377, 0.0241402, 0.999569, -0.0166974, 0.0436338, 0.0156329, 0.998925, -0.0268514, 0.476505, 0.100954)

[node name="flowers-tall62" parent="." index="49" instance=ExtResource("2_jv8rg")]
transform = Transform3D(0.98652, -0.0248428, 0.161746, 0.0270426, 0.999569, -0.0114127, -0.161392, 0.0156329, 0.986766, 0.0728383, 0.476505, 0.259375)

[node name="flowers-tall63" parent="." index="50" instance=ExtResource("2_jv8rg")]
transform = Transform3D(0.765245, -0.0248428, 0.643259, 0.0290766, 0.999569, 0.00401299, -0.643081, 0.0156329, 0.765638, 0.15044, 0.476505, 0.382695)

[node name="flowers-tall64" parent="." index="51" instance=ExtResource("2_jv8rg")]
transform = Transform3D(0.569876, -0.0248428, 0.821355, 0.027008, 0.999569, 0.0114943, -0.821286, 0.0156329, 0.570302, 0.205972, 0.476505, 0.470944)

[node name="flowers-tall65" parent="." index="52" instance=ExtResource("2_jv8rg")]
transform = Transform3D(0.150488, -0.0248428, 0.9883, 0.0191987, 0.999569, 0.0222027, -0.988425, 0.0156329, 0.1509, 0.292037, 0.476505, 0.607712)

[node name="flowers-tall66" parent="." index="53" instance=ExtResource("2_jv8rg")]
transform = Transform3D(-0.404013, -0.0248428, 0.914416, 0.00426506, 0.999569, 0.0290407, -0.914743, 0.0156329, -0.403733, 0.319302, 0.476505, 0.651041)

[node name="flowers-tall67" parent="." index="54" instance=ExtResource("2_jv8rg")]
transform = Transform3D(-0.404013, -0.0248428, 0.914416, 0.00426506, 0.999569, 0.0290407, -0.914743, 0.0156329, -0.403733, 0.319302, 0.476505, 0.651041)
